0 1 2
0 3 1
0 4 3
5 3 4
6 5 4
6 4 7
8 7 4
9 8 4
0 10 4
9 4 11
9 11 12
12 11 13
14 13 11
0 15 10
16 4 10
11 4 17
4 18 17
16 18 4
19 14 11
19 20 14
19 21 20
19 22 21
23 11 17
24 17 18
23 17 24
16 25 18
24 18 25
16 10 26
23 27 11
28 23 24
28 27 23
16 29 25
16 26 29
30 26 10
30 10 15
31 11 27
19 11 31
28 32 27
28 24 33
28 33 32
34 27 32
34 31 27
24 25 35
36 25 29
36 35 25
32 33 37
34 32 37
24 38 33
24 35 38
34 39 31
40 36 29
41 29 26
40 29 41
42 26 30
42 41 26
37 33 43
43 33 38
34 37 44
34 44 39
31 39 45
19 31 45
42 30 46
42 46 41
47 36 40
47 35 36
37 48 44
37 43 48
49 39 44
49 45 39
41 46 50
51 46 30
51 50 46
40 41 52
52 41 50
47 40 53
40 52 53
54 35 47
55 38 35
55 35 54
43 38 56
51 30 57
57 30 15
55 58 38
58 56 38
43 56 59
43 59 48
54 47 60
47 53 60
55 54 61
55 61 58
58 62 56
59 56 62
63 44 48
63 49 44
54 60 64
54 64 61
65 58 61
65 62 58
66 60 53
66 64 60
64 67 61
65 61 67
66 67 64
63 68 49
63 48 69
59 70 48
69 48 70
63 71 68
63 69 71
49 68 72
71 72 68
73 49 72
73 45 49
65 74 62
75 59 62
75 62 74
59 76 70
75 76 59
73 72 77
71 77 72
78 71 69
79 69 70
78 69 79
65 80 74
65 67 81
65 81 80
78 82 71
71 82 77
78 79 83
78 83 82
80 84 74
75 74 84
80 81 85
80 85 84
86 85 81
67 86 81
84 85 86
73 77 87
73 87 45
66 88 67
67 88 86
70 76 89
90 79 70
90 70 89
91 83 79
90 91 79
92 76 75
92 89 76
93 82 83
94 77 82
94 82 93
95 83 91
95 93 83
96 90 89
90 97 91
96 97 90
92 98 89
96 89 98
95 91 99
99 91 97
100 87 77
94 100 77
101 45 87
96 98 102
96 102 97
103 99 97
103 95 99
95 104 93
103 104 95
105 94 93
105 93 104
101 106 45
19 45 106
107 101 87
107 87 100
92 108 98
101 109 106
110 19 106
110 106 109
107 111 101
101 111 109
108 112 98
98 112 102
92 113 108
92 75 113
109 111 114
110 109 114
107 115 111
107 100 116
107 116 115
75 117 113
75 84 117
115 118 111
111 118 114
116 119 115
119 118 115
116 100 120
116 120 119
94 121 100
100 121 120
122 114 118
119 122 118
105 123 94
94 123 121
117 84 124
117 124 113
125 108 113
126 125 113
126 113 124
125 127 108
108 127 112
126 127 125
110 114 128
122 128 114
110 129 19
19 129 22
126 124 130
84 131 124
131 130 124
132 131 84
132 84 86
126 130 133
126 133 127
119 134 122
119 120 135
119 135 134
136 132 86
136 131 132
136 86 88
122 134 137
135 138 134
137 134 138
139 135 120
139 138 135
140 120 121
139 120 140
141 122 137
141 128 122
142 137 138
141 137 142
142 138 143
139 143 138
141 142 143
123 144 121
144 140 121
145 128 141
136 88 146
66 146 88
141 143 147
145 141 147
145 148 128
110 128 148
139 149 143
145 147 150
145 150 148
151 147 143
151 143 149
139 140 152
139 152 149
110 148 153
110 153 129
154 150 147
154 147 151
151 149 155
155 149 152
150 156 148
154 156 150
154 151 157
151 155 157
154 157 158
158 157 155
154 158 156
153 148 159
156 159 148
140 160 152
161 140 144
161 160 140
66 162 146
153 159 163
156 163 159
152 160 164
161 164 160
165 155 152
165 152 164
66 166 162
66 53 166
167 153 163
167 163 168
167 169 153
153 169 129
170 129 169
170 171 129
129 171 172
53 173 166
52 173 53
162 166 174
166 173 174
175 129 172
175 172 176
175 22 129
175 176 177
52 178 173
174 173 179
178 179 173
162 174 180
180 174 179
175 181 22
182 22 181
183 178 52
183 52 50
175 177 184
185 184 177
185 186 184
187 184 186
175 184 188
175 188 181
189 188 184
188 190 181
189 184 191
181 190 192
187 193 184
193 191 184
193 194 191
195 194 193
187 196 193
197 195 193
182 181 198
198 181 192
182 198 199
198 200 199
193 196 201
197 193 201
201 196 202
198 203 200
201 202 204
198 192 205
206 205 192
198 207 203
208 203 207
208 207 209
201 204 210
210 204 211
210 211 163
197 201 212
212 201 210
197 212 213
156 210 163
213 212 214
215 209 207
215 216 209
198 217 207
198 205 217
206 218 205
206 219 218
219 220 218
221 218 220
222 205 218
217 205 222
215 207 223
217 223 207
224 210 156
224 212 210
225 218 221
225 222 218
217 222 226
217 227 223
217 226 227
228 215 223
229 222 225
229 226 222
225 221 230
230 221 231
230 231 232
230 232 214
228 223 233
233 223 227
234 230 214
234 214 212
225 230 235
234 235 230
229 225 236
229 237 226
229 236 237
225 235 238
225 238 236
234 239 235
238 235 239
240 236 238
240 238 239
241 237 236
240 241 236
242 226 237
242 227 226
241 243 237
240 243 241
240 239 244
240 244 243
245 237 243
242 237 245
245 243 244
242 246 227
242 245 247
242 247 246
248 227 246
248 246 247
233 227 249
248 249 227
250 245 244
250 247 245
228 233 251
251 233 249
252 248 247
250 252 247
253 244 239
250 244 254
250 254 252
253 254 244
234 255 239
253 239 255
256 251 249
248 257 249
252 257 248
256 249 258
257 258 249
257 259 258
257 260 259
261 260 257
256 262 251
256 263 262
228 251 262
264 262 263
261 257 265
265 257 252
261 265 266
265 252 266
266 252 254
261 266 267
228 262 268
264 268 262
269 228 268
269 215 228
269 270 215
269 271 270
269 268 272
264 272 268
269 272 271
272 273 271
272 0 273
264 274 272
272 15 0
266 275 267
276 267 275
272 274 277
272 277 15
266 254 278
266 278 275
15 277 279
57 15 279
280 277 274
280 274 281
280 281 282
280 282 283
284 277 280
284 279 277
285 57 279
51 57 285
280 283 286
284 280 286
276 275 286
276 286 287
283 287 286
285 279 288
284 288 279
289 51 285
290 286 275
284 286 291
290 291 286
292 275 278
290 275 292
293 285 288
289 285 293
284 294 288
284 291 294
289 295 51
295 50 51
295 183 50
290 292 296
297 292 278
297 296 292
290 298 291
290 296 298
295 299 183
294 291 300
294 301 288
294 300 301
298 302 291
302 300 291
183 299 303
183 303 178
303 179 178
301 304 288
293 288 305
305 288 304
301 306 304
301 300 306
305 304 306
303 307 179
308 303 299
308 307 303
295 309 299
289 309 295
289 293 310
293 305 310
311 179 307
311 180 179
308 299 312
312 299 309
313 307 308
313 311 307
308 312 314
313 308 314
302 315 300
312 309 316
314 312 316
317 306 300
317 300 315
298 318 302
302 318 315
313 319 311
320 316 309
314 316 321
320 321 316
313 314 322
322 314 321
313 323 319
313 322 323
324 320 309
289 324 309
325 311 319
325 180 311
319 323 326
325 319 326
322 327 323
326 323 327
289 310 328
289 328 324
329 320 324
329 324 328
320 330 321
329 330 320
322 321 331
330 331 321
305 332 310
332 328 310
322 333 327
322 331 333
334 317 315
330 335 331
329 336 330
336 335 330
337 333 331
337 331 335
338 334 315
338 315 318
339 317 334
338 339 334
329 328 340
329 340 336
341 327 333
337 341 333
342 326 327
342 327 343
341 343 327
344 328 332
345 340 328
345 328 344
346 326 342
346 342 343
325 326 347
346 347 326
348 344 332
305 348 332
349 343 341
346 343 350
349 350 343
325 347 351
346 352 347
351 347 352
353 348 305
346 350 354
346 354 352
325 351 355
351 352 355
353 305 356
305 306 356
353 357 348
353 356 357
358 344 348
358 348 357
359 354 350
359 350 349
306 360 356
357 356 360
358 357 360
317 360 306
339 360 317
358 361 344
345 344 361
345 362 340
358 360 363
358 363 361
364 345 361
364 362 345
364 361 363
365 336 340
365 340 362
366 363 360
339 367 360
366 360 367
368 363 366
364 363 368
368 366 367
364 369 362
365 362 369
364 368 370
364 370 369
371 336 365
368 367 372
368 372 370
373 365 369
373 371 365
370 374 369
372 374 370
375 336 371
375 335 336
372 367 376
339 376 367
338 376 339
377 369 374
373 369 377
378 372 376
378 374 372
379 371 373
379 375 371
338 380 376
378 376 380
373 377 381
379 373 381
382 377 374
378 382 374
382 381 377
375 383 335
337 335 383
378 380 384
378 384 382
382 385 381
379 381 385
338 386 380
338 318 386
384 380 387
386 387 380
382 384 388
382 388 385
389 383 375
379 390 375
389 375 390
384 387 391
384 391 388
379 385 392
379 392 390
393 337 383
393 383 389
394 385 388
392 385 394
386 395 387
387 396 391
387 395 396
397 388 391
396 397 391
394 388 398
397 398 388
399 386 318
399 395 386
395 400 396
396 400 397
399 400 395
401 394 398
401 398 397
402 397 400
401 397 402
403 399 318
298 403 318
401 404 394
392 394 404
405 400 399
405 402 400
403 406 399
405 399 406
298 407 403
403 407 406
405 406 407
298 296 407
401 402 408
405 408 402
401 409 404
401 408 409
410 404 409
410 392 404
411 407 296
405 407 412
411 412 407
411 296 413
411 413 412
297 413 296
410 409 414
408 414 409
405 412 415
405 415 408
412 413 416
412 416 415
297 416 413
408 415 416
410 417 392
410 414 417
392 418 390
392 419 418
392 417 419
420 416 297
420 297 278
408 416 421
422 418 419
422 390 418
419 417 423
422 419 423
414 424 417
424 423 417
408 425 414
408 421 425
426 421 416
426 416 420
420 278 427
427 278 254
414 428 424
414 425 428
429 423 424
429 424 428
421 430 425
426 430 421
431 422 423
431 423 429
432 428 425
432 425 430
429 428 433
434 420 427
434 426 420
432 435 428
433 428 435
432 430 436
432 436 435
429 433 437
433 435 437
431 429 438
429 437 438
431 439 422
422 440 390
439 440 422
435 441 437
431 438 442
431 442 439
438 437 443
435 436 444
435 444 441
445 437 441
443 437 445
445 441 444
439 442 446
439 446 440
438 443 447
438 447 442
430 448 436
426 449 430
449 448 430
446 442 450
442 447 450
443 445 451
443 451 447
452 436 448
452 444 436
453 448 449
426 453 449
453 452 448
445 444 454
445 454 451
434 455 426
426 455 453
452 456 444
454 444 456
453 457 452
457 456 452
434 427 458
434 458 459
434 459 455
458 427 459
455 460 453
453 460 457
446 450 461
462 450 447
462 461 450
451 463 447
462 447 463
455 464 460
459 464 455
465 459 427
465 427 254
446 461 466
446 466 440
467 457 460
468 456 457
467 468 457
469 460 464
467 460 469
470 464 459
462 463 471
471 463 451
472 459 465
470 459 472
465 254 473
253 473 254
470 474 464
474 469 464
467 469 475
467 475 468
472 465 476
465 473 476
470 472 477
470 477 474
474 478 469
478 475 469
253 479 473
480 476 473
472 476 480
472 481 477
472 480 481
474 477 482
474 482 478
482 477 481
253 255 479
480 473 483
479 483 473
480 483 484
484 483 479
485 481 480
485 480 484
486 475 478
468 475 487
486 487 475
488 484 479
488 485 484
485 489 481
490 482 481
490 481 489
482 491 478
486 478 491
486 492 487
468 487 493
492 493 487
485 494 489
488 494 485
490 495 482
495 491 482
486 496 492
486 491 496
488 479 497
497 479 255
490 489 498
499 495 490
499 490 498
489 494 500
489 500 498
488 501 494
501 500 494
488 497 502
488 502 501
499 503 495
495 503 491
499 498 504
500 504 498
502 497 505
497 255 505
499 506 503
499 504 506
507 491 503
507 503 506
508 496 491
507 508 491
502 505 509
502 509 501
510 492 496
510 493 492
507 506 511
506 504 511
507 512 508
508 512 496
507 511 512
512 510 496
509 505 513
255 513 505
514 500 501
515 504 500
515 500 514
501 509 516
514 501 516
517 509 513
255 517 513
518 516 509
518 509 517
515 519 504
520 511 504
519 520 504
512 511 521
520 521 511
515 514 522
515 522 519
523 514 516
523 516 518
524 518 517
524 517 255
522 514 525
523 525 514
519 522 526
519 527 520
519 526 527
524 528 518
523 518 528
522 525 529
522 529 526
523 530 525
530 529 525
531 520 527
527 526 532
531 527 532
526 529 533
526 533 532
534 533 529
534 529 530
534 532 533
520 535 521
531 535 520
512 521 536
512 537 510
512 536 537
536 521 538
535 538 521
531 539 535
535 539 538
531 532 540
531 540 539
534 541 532
540 532 541
542 536 538
542 537 536
543 538 539
543 542 538
523 528 544
523 545 530
523 544 545
524 546 528
544 528 546
534 530 547
545 548 530
547 530 548
544 549 545
549 548 545
534 547 550
534 550 541
547 548 551
550 547 551
548 552 551
549 552 548
553 549 544
544 546 554
553 544 554
524 555 546
553 556 549
553 554 556
549 557 552
549 556 557
558 551 552
557 558 552
559 554 546
559 546 555
560 550 551
560 551 558
556 554 561
559 561 554
557 556 562
556 561 562
557 563 558
557 562 563
550 564 541
560 564 550
560 558 565
563 565 558
559 555 566
567 561 559
567 559 566
566 555 568
524 568 555
524 255 568
569 567 566
569 566 568
255 570 568
569 568 570
234 570 255
234 212 570
569 570 212
567 571 561
569 571 567
572 562 561
572 561 571
563 562 573
572 573 562
574 565 563
574 563 573
560 565 575
560 576 564
560 575 576
569 212 577
577 212 224
578 575 565
574 578 565
579 576 575
578 579 575
564 576 580
564 580 541
577 224 581
581 224 156
569 577 582
569 583 571
569 582 583
577 584 582
582 584 583
577 581 585
577 585 584
581 156 586
581 586 585
587 574 573
584 588 583
585 588 584
571 583 589
572 571 590
571 589 590
572 591 573
587 573 591
592 583 588
592 589 583
585 593 588
592 588 593
587 594 574
574 594 578
572 590 595
572 595 591
596 590 589
596 589 592
597 593 585
597 592 593
597 585 586
586 156 598
158 598 156
599 595 590
596 599 590
596 592 600
600 592 597
586 598 601
597 586 601
158 602 598
158 155 602
591 595 603
599 603 595
601 598 604
597 601 604
598 602 605
155 605 602
598 605 604
606 605 155
606 604 605
606 155 165
597 604 607
597 607 608
600 597 608
608 607 604
609 608 604
606 609 604
600 608 609
610 596 600
610 599 596
610 600 609
606 165 611
165 164 611
612 609 606
610 609 612
612 606 611
610 613 599
610 612 613
612 611 614
614 611 164
612 614 613
615 603 599
615 599 613
591 603 616
615 616 603
617 614 164
614 618 613
617 618 614
617 164 619
617 619 618
161 619 164
615 613 620
620 613 618
615 621 616
615 620 621
619 622 618
620 618 622
623 622 619
623 619 624
161 624 619
620 622 625
620 626 621
620 625 626
627 616 621
626 627 621
161 628 624
161 144 628
629 626 625
630 629 625
626 631 627
629 631 626
144 632 628
123 632 144
628 633 624
634 624 633
635 628 632
635 633 628
123 636 632
635 632 636
105 636 123
637 627 631
627 638 616
637 638 627
639 636 105
639 635 636
639 105 104
637 631 640
637 640 638
641 616 638
641 591 616
587 591 641
639 642 635
635 642 633
643 634 633
644 634 643
644 643 630
643 629 630
645 631 629
645 640 631
646 633 642
646 643 633
643 647 629
639 648 642
645 629 649
629 647 649
639 104 650
639 650 648
643 651 647
646 651 643
646 642 652
652 642 648
653 649 647
651 653 647
654 645 649
654 640 645
646 655 651
646 652 655
652 648 656
650 656 648
651 657 653
651 655 657
653 658 649
654 649 658
653 657 658
652 659 655
652 656 659
640 660 638
660 641 638
654 661 640
640 661 660
662 650 104
662 104 103
659 663 655
657 655 663
587 641 664
587 664 594
662 665 650
666 662 103
666 665 662
594 664 667
578 594 667
668 656 650
665 669 650
668 650 669
666 670 665
670 669 665
666 103 671
666 671 670
672 656 668
672 668 669
578 667 673
664 673 667
659 656 674
672 674 656
659 675 663
659 674 675
672 669 676
672 676 674
664 677 673
664 641 677
670 678 669
678 676 669
103 679 671
103 97 679
102 679 97
680 677 641
673 677 680
578 673 681
578 681 579
671 679 682
670 671 683
671 682 683
684 682 679
102 684 679
683 682 684
685 678 670
685 670 683
686 675 674
674 676 687
686 674 687
678 688 676
687 676 688
685 689 678
689 688 678
686 690 675
686 687 690
685 683 691
685 691 689
692 680 641
692 641 660
681 693 579
693 576 579
694 681 673
694 673 680
689 691 695
689 696 688
689 695 696
697 576 693
697 580 576
698 695 691
691 683 699
698 691 699
683 684 700
683 700 699
697 701 580
698 702 695
696 695 702
698 699 703
698 703 702
704 687 688
705 688 696
704 688 705
706 690 687
704 706 687
701 707 580
580 707 541
697 708 701
701 708 707
704 705 709
705 696 709
540 541 707
704 710 706
706 710 690
696 702 711
704 709 712
704 712 710
696 713 709
696 711 713
712 709 713
714 711 702
714 702 703
714 713 711
715 690 710
712 715 710
697 716 708
697 693 716
717 712 713
717 715 712
718 703 699
714 703 719
719 703 718
714 720 713
714 719 720
721 699 700
721 718 699
717 713 722
720 722 713
723 719 718
723 718 721
720 719 724
720 724 722
717 725 715
717 722 726
717 726 725
727 540 707
728 724 719
723 729 719
728 719 729
725 730 715
731 725 726
731 730 725
727 732 540
733 727 707
733 732 727
734 707 708
733 707 734
735 708 716
735 734 708
736 540 732
736 539 540
733 737 732
736 732 738
737 738 732
739 539 736
739 736 738
733 740 737
733 734 740
741 738 737
741 739 738
741 737 740
728 742 724
739 743 539
543 539 743
728 729 744
728 744 742
724 745 722
724 742 745
739 746 743
747 543 743
747 743 746
747 542 543
739 748 746
741 748 739
747 746 749
749 746 748
747 750 542
747 749 750
751 726 722
749 748 752
741 752 748
750 753 542
753 537 542
750 749 754
749 752 754
755 722 745
751 722 755
750 756 753
750 754 756
757 537 753
757 753 756
754 752 758
754 758 756
741 759 752
760 741 740
760 759 741
740 734 761
758 752 762
762 752 759
758 763 756
757 756 763
758 762 763
757 764 537
510 537 764
740 761 765
760 740 765
760 766 759
766 762 759
757 767 764
757 763 767
768 510 764
768 493 510
760 769 766
760 765 769
766 770 762
761 771 765
761 734 771
768 772 493
468 493 772
468 772 456
768 764 773
768 773 772
454 456 772
774 771 734
774 734 735
775 773 764
775 772 773
776 454 772
775 776 772
775 764 777
777 764 767
775 777 776
776 778 454
776 777 778
454 778 451
779 777 767
779 767 763
779 780 777
777 780 778
779 763 780
781 762 770
781 763 762
782 451 778
782 778 780
766 783 770
766 769 783
763 784 780
782 780 784
781 770 785
783 785 770
781 786 763
781 785 786
787 784 763
787 782 784
787 763 786
782 788 451
787 788 782
787 786 788
785 788 786
471 451 788
774 789 771
765 771 789
785 790 788
471 788 791
788 790 791
462 471 791
785 792 790
783 792 785
793 791 790
793 790 792
794 774 735
462 791 795
793 795 791
774 796 789
794 796 774
793 792 797
793 797 795
794 735 798
735 716 798
462 795 799
462 799 461
800 797 792
800 792 783
801 798 716
801 716 693
461 799 802
461 802 466
803 795 797
804 799 795
803 804 795
802 799 805
804 805 799
806 466 802
801 693 807
681 807 693
808 802 805
806 802 808
809 466 806
809 440 466
810 807 681
694 810 681
801 807 811
810 811 807
812 805 804
812 808 805
806 808 813
809 806 813
814 811 810
814 801 811
694 814 810
815 798 801
815 801 814
794 798 816
816 798 815
812 817 808
818 813 808
818 808 817
812 804 819
812 819 817
820 804 803
820 819 804
803 797 821
800 821 797
822 813 818
822 809 813
823 818 817
823 817 819
823 822 818
820 803 824
824 803 821
825 819 820
825 820 824
809 826 440
823 819 827
825 827 819
822 828 809
809 828 826
829 440 826
829 390 440
829 389 390
829 826 830
829 830 389
830 826 828
393 389 830
816 815 831
815 814 831
823 827 832
825 832 827
825 824 833
824 821 834
824 834 833
825 833 835
825 835 832
393 830 836
833 837 835
834 837 833
837 832 835
830 828 838
830 838 836
822 839 828
838 828 839
393 836 840
393 840 337
838 841 836
840 836 841
838 839 842
838 842 841
822 843 839
842 839 843
840 844 337
840 841 844
337 844 341
823 845 822
822 845 843
349 341 844
841 842 846
841 846 844
842 843 847
845 847 843
848 845 823
848 823 832
837 849 832
834 850 837
837 850 849
845 851 847
848 851 845
842 847 852
842 852 846
853 848 832
853 832 849
854 349 844
855 847 851
855 852 847
848 856 851
853 856 848
857 844 846
854 844 858
857 858 844
854 859 349
854 858 859
359 349 859
860 857 846
860 846 852
857 861 858
860 861 857
859 858 862
858 861 862
863 359 859
863 859 862
863 354 359
864 861 860
864 862 861
865 860 852
864 860 865
855 866 852
865 852 866
855 851 867
856 867 851
855 867 866
868 853 849
868 849 850
864 865 869
865 866 869
864 870 862
871 866 867
871 869 866
864 869 872
864 872 870
873 872 869
873 869 871
873 870 872
874 862 870
863 862 874
863 875 354
875 352 354
856 876 867
871 867 877
876 877 867
853 878 856
856 878 876
879 873 871
879 871 877
873 880 870
874 870 880
876 881 877
882 876 878
882 881 876
879 877 883
883 877 881
879 884 873
873 884 880
879 883 884
885 352 875
863 886 875
863 874 887
863 887 886
883 881 888
882 888 881
874 880 889
874 889 887
885 890 352
891 885 875
891 875 886
891 890 885
890 355 352
887 889 892
892 889 880
887 893 886
887 892 893
882 878 894
853 894 878
891 886 895
893 895 886
896 884 883
896 883 888
897 880 884
853 898 894
868 898 853
896 899 884
899 897 884
897 900 880
892 880 900
899 901 897
901 900 897
902 898 868
902 868 850
896 903 899
899 903 901
901 904 900
905 892 900
905 900 904
901 906 904
901 903 906
905 904 906
896 907 903
896 888 908
896 908 907
882 909 888
882 894 910
882 910 909
907 911 903
911 906 903
912 905 906
912 906 911
905 913 892
912 913 905
914 888 909
914 908 888
915 907 908
915 911 907
915 908 914
916 894 898
916 910 894
917 909 910
917 914 909
918 893 892
918 892 913
912 919 913
920 910 916
920 917 910
921 916 898
920 916 921
918 913 922
922 913 919
902 923 898
921 898 923
902 850 924
902 924 923
912 911 925
912 925 919
917 926 914
927 915 914
927 914 926
915 928 911
928 925 911
918 922 929
918 929 893
927 926 930
927 930 915
917 931 926
920 931 917
931 930 926
922 919 932
920 921 933
934 932 919
934 919 925
922 932 935
934 935 932
922 935 929
920 933 936
920 936 931
933 921 937
921 923 937
933 937 936
934 925 938
934 938 935
939 893 929
939 895 893
935 940 929
941 929 940
939 929 941
935 127 940
941 940 127
939 942 895
891 895 942
939 941 133
941 127 133
943 127 935
943 935 938
939 944 942
939 133 944
891 942 945
942 944 945
943 946 127
943 938 946
112 127 946
944 133 947
945 944 947
948 947 133
948 133 130
112 946 949
102 112 949
948 950 947
948 130 950
945 947 950
131 950 130
891 945 951
891 951 890
102 949 952
949 946 952
953 950 131
136 953 131
945 950 954
953 954 950
951 945 954
136 954 953
951 955 890
951 954 955
102 952 956
102 956 684
957 952 946
957 956 952
955 954 958
136 958 954
955 958 890
959 946 938
957 946 959
684 956 960
684 960 700
961 956 957
961 960 956
957 959 962
961 957 962
959 938 963
962 959 963
963 938 925
890 958 964
890 964 355
961 962 965
961 965 960
962 963 965
966 700 960
966 960 965
966 721 700
967 355 964
967 964 958
325 355 967
325 967 180
136 968 958
967 958 968
967 968 180
136 146 968
162 968 146
162 180 968
965 963 969
966 965 969
970 963 925
970 969 963
928 970 925
966 971 721
966 969 972
970 972 969
966 972 971
928 973 970
970 973 972
915 973 928
974 721 971
723 721 974
975 971 972
974 971 975
915 976 973
915 930 976
973 977 972
977 975 972
973 976 977
974 975 978
978 975 977
977 976 979
930 979 976
978 977 979
980 979 930
980 978 979
931 980 930
723 974 981
974 978 982
974 982 981
980 983 978
982 978 983
984 980 931
723 981 985
723 985 729
980 986 983
984 986 980
984 931 987
931 936 987
729 985 988
984 989 986
984 987 989
937 987 936
990 983 986
990 986 989
991 985 981
991 988 985
992 729 988
992 988 991
992 744 729
992 742 744
993 983 990
993 982 983
982 994 981
991 981 994
995 990 989
989 987 996
995 989 996
993 990 997
995 997 990
993 998 982
998 994 982
993 997 998
991 994 999
998 999 994
992 991 1000
991 999 1000
992 1001 742
998 997 1002
995 1003 997
1003 1002 997
992 1000 1004
992 1004 1001
1001 1005 742
745 742 1005
1006 998 1002
998 1007 999
1006 1007 998
1008 1001 1004
1008 1005 1001
1009 745 1005
755 745 1009
999 1007 1010
1006 1010 1007
1011 1002 1003
1006 1002 1011
1012 1000 999
1013 1004 1000
1012 1013 1000
999 1010 1014
1006 1014 1010
1012 999 1015
1012 1015 1013
999 1014 1015
1008 1004 1016
1016 1004 1013
995 1017 1003
995 996 1018
995 1018 1017
1019 1013 1015
1019 1016 1013
1008 1020 1005
1009 1005 1021
1020 1021 1005
1008 1016 1022
1008 1022 1020
1023 755 1009
1009 1021 1024
1023 1009 1024
1025 1021 1020
1025 1024 1021
1026 1020 1022
1027 755 1023
1027 751 755
1023 1024 1028
1025 1028 1024
1026 1029 1020
1025 1020 1029
1027 1023 1030
1023 1028 1030
1026 1022 1031
1026 1031 1029
1022 1016 1032
1022 1032 1031
1025 1033 1028
1033 1030 1028
1025 1029 1034
1025 1034 1033
1019 1035 1016
1032 1016 1035
1027 1036 751
1027 1030 1036
1037 1019 1015
1038 1034 1029
1038 1029 1031
1019 1039 1035
1037 1039 1019
1032 1035 1040
1039 1040 1035
1037 1015 1041
1041 1015 1014
1042 1031 1032
1042 1032 1040
1038 1043 1034
1044 1033 1034
1043 1044 1034
1037 1041 1045
1037 1046 1039
1037 1045 1046
1041 1047 1045
1046 1045 1047
1041 1014 1047
1048 1033 1044
1048 1030 1033
1049 1039 1046
1049 1046 1047
1039 1050 1040
1049 1050 1039
1014 1051 1047
1006 1051 1014
1042 1040 1052
1052 1040 1050
1042 1053 1031
1042 1052 1053
1054 1047 1051
1049 1047 1054
1006 1055 1051
1054 1051 1055
1006 1011 1055
1038 1031 1056
1038 1056 1043
1031 1053 1057
1031 1057 1056
1048 1058 1030
1048 1044 1059
1048 1059 1058
1060 1044 1043
1060 1059 1044
1043 1056 1061
1060 1043 1061
1062 1057 1053
1062 1053 1052
1063 1056 1057
1063 1061 1056
1064 1058 1059
1060 1065 1059
1064 1059 1065
1060 1061 1066
1060 1066 1065
1063 1067 1061
1066 1061 1067
1063 1057 1068
1063 1068 1067
1062 1069 1057
1057 1069 1068
1070 1058 1064
1070 1030 1058
1070 1036 1030
1071 1068 1069
1071 1067 1068
1062 1072 1069
1062 1052 1072
1052 1050 1073
1074 1050 1049
1074 1073 1050
1071 1069 1075
1072 1075 1069
1052 1076 1072
1052 1073 1076
1070 1064 1077
1064 1065 1078
1064 1078 1077
1070 1077 1079
1070 1079 1036
1080 1076 1073
1074 1080 1073
1076 1081 1072
1080 1081 1076
1077 1082 1079
1077 1078 1082
1079 1082 1036
1083 1078 1065
1066 1083 1065
1072 1084 1075
1072 1081 1084
1071 1085 1067
1086 1071 1075
1086 1085 1071
1066 1087 1083
1088 1078 1083
1088 1083 1087
1066 1067 1089
1066 1089 1087
1090 1067 1085
1090 1089 1067
1091 1082 1078
1088 1091 1078
1092 1088 1087
1092 1087 1089
1084 1093 1075
1086 1075 1093
1090 1085 1094
1086 1094 1085
1090 1095 1089
1092 1089 1095
1090 1094 1095
1088 1096 1091
1092 1096 1088
1091 1097 1082
1091 1096 1097
1098 1036 1082
1097 1098 1082
1084 1099 1093
1084 1081 1100
1084 1100 1099
1092 1101 1096
1092 1095 1101
1098 1102 1036
1097 1102 1098
1099 1103 1093
1086 1093 1103
1096 1104 1097
1096 1101 1104
1081 1105 1100
1080 1105 1081
1106 1099 1100
1106 1103 1099
1086 1107 1094
1094 1108 1095
1107 1108 1094
1100 1105 1109
1106 1100 1109
1097 1104 1110
1086 1111 1107
1107 1111 1108
1112 1102 1097
1112 1097 1110
1113 1036 1102
1113 1102 1112
1114 1110 1104
1112 1110 1114
1086 1115 1111
1086 1103 1115
1104 1101 1116
1114 1104 1116
1117 1101 1095
1095 1108 1118
1117 1095 1118
1119 1108 1111
1119 1118 1108
1120 1111 1115
1120 1119 1111
1117 1121 1101
1116 1101 1121
1113 1122 1036
751 1036 1122
751 1122 726
731 726 1122
1120 1123 1119
1119 1123 1118
1120 1115 1124
1120 1124 1123
1125 1115 1103
1125 1124 1115
1117 1126 1121
1117 1118 1126
1127 1118 1123
1127 1123 1124
1126 1118 1127
1128 1116 1121
1128 1121 1126
1125 1129 1124
1127 1124 1129
1125 1103 1130
1125 1130 1129
1106 1131 1103
1130 1103 1131
1128 1132 1116
1114 1116 1132
1128 1126 1133
1128 1133 1132
1126 1127 1134
1106 1135 1131
1106 1109 1135
1130 1131 1136
1135 1136 1131
1126 1134 1137
1126 1137 1133
1127 1138 1134
1127 1129 1138
1138 1137 1134
1130 1139 1129
1130 1136 1139
1113 1112 1140
1113 1141 1122
1142 731 1122
1142 1122 1141
1113 1140 1141
1143 1133 1137
1138 1129 1144
1139 1144 1129
1142 1145 731
731 1145 730
1143 1137 1146
1138 1146 1137
1143 1147 1133
1133 1147 1132
1143 1146 1147
1138 1144 1148
1138 1148 1146
1142 1149 1145
1142 1141 1149
1150 1144 1139
1150 1148 1144
1151 1139 1136
1150 1139 1151
1152 1136 1135
1151 1136 1152
1148 1153 1146
1153 1147 1146
1145 1149 1154
1145 1154 730
1150 1155 1148
1155 1153 1148
1156 1152 1135
1156 1135 1109
1132 1147 1157
1114 1132 1157
1156 1158 1152
1151 1152 1158
1156 1109 1159
1159 1109 1105
1141 1140 1160
1141 1161 1149
1141 1160 1161
1162 1154 1149
1162 1149 1161
1156 1163 1158
1156 1159 1163
1164 1160 1140
1164 1140 1112
1164 1112 1114
1165 1114 1157
1165 1164 1114
1166 1159 1105
1166 1105 1080
1164 1167 1160
1160 1168 1161
1167 1168 1160
1165 1169 1164
1164 1169 1167
1166 1080 1170
1074 1170 1080
1167 1171 1168
1169 1171 1167
1168 1172 1161
1162 1161 1173
1173 1161 1172
1074 1174 1170
1074 1049 1174
1175 1172 1168
1171 1175 1168
1176 1173 1172
1176 1172 1175
1177 1162 1173
1177 1173 1176
1162 1178 1154
1177 1178 1162
1174 1049 1179
1049 1054 1179
1174 1180 1170
1166 1170 1180
1171 1181 1175
1174 1179 1182
1174 1182 1180
1183 1179 1054
1183 1182 1179
1183 1054 1055
1169 1184 1171
1171 1184 1181
1185 1175 1181
1185 1176 1175
1165 1186 1169
1169 1186 1184
1166 1180 1187
1188 1180 1182
1188 1187 1180
1183 1189 1182
1188 1182 1189
1185 1181 1190
1190 1181 1184
1185 1191 1176
1185 1190 1191
1177 1176 1192
1192 1176 1191
1166 1187 1193
1177 1194 1178
1177 1192 1194
1192 1191 1195
1190 1195 1191
1192 1195 1194
1183 1055 1196
1183 1197 1189
1183 1196 1197
1188 1189 1198
1189 1197 1198
1188 1199 1187
1193 1187 1199
1200 1196 1055
1011 1200 1055
1201 1190 1184
1186 1202 1184
1201 1184 1202
1188 1203 1199
1188 1198 1204
1188 1204 1203
1197 1205 1198
1205 1204 1198
1201 1206 1190
1203 1207 1199
1203 1204 1207
1201 1202 1208
1201 1208 1206
1190 1209 1195
1190 1206 1209
1197 1210 1205
1211 1204 1205
1211 1205 1210
1208 1212 1206
1213 1209 1206
1213 1206 1212
1214 1208 1202
1208 1215 1212
1215 1213 1212
1214 1215 1208
1216 1202 1186
1214 1202 1216
1196 1217 1197
1218 1210 1197
1218 1197 1217
1200 1219 1196
1196 1219 1217
1220 1211 1210
1218 1220 1210
1011 1221 1200
1213 1222 1209
1223 1195 1209
1223 1209 1222
1200 1224 1219
1200 1221 1224
1211 1225 1204
1226 1207 1204
1226 1204 1225
1227 1199 1207
1219 1224 1228
1221 1228 1224
1211 1229 1225
1226 1225 1230
1225 1229 1230
1231 1207 1226
1231 1227 1207
1231 1226 1230
1220 1232 1211
1211 1232 1229
1233 1217 1219
1219 1228 1234
1233 1219 1234
1218 1217 1235
1235 1217 1233
1218 1236 1220
1237 1230 1229
1231 1230 1238
1237 1238 1230
1231 1239 1227
1220 1236 1240
1220 1240 1232
1241 1229 1232
1237 1229 1241
1218 1242 1236
1218 1235 1242
1235 1233 1243
1244 1240 1236
1244 1236 1242
1233 1234 1245
1233 1245 1243
1234 1228 1246
1245 1234 1246
1235 1243 1247
1235 1247 1242
1248 1228 1221
1248 1246 1228
1244 1249 1240
1250 1232 1240
1250 1240 1249
1251 1241 1232
1250 1251 1232
1237 1241 1252
1251 1252 1241
1244 1253 1249
1244 1242 1253
1254 1247 1243
1254 1243 1245
1242 1247 1255
1254 1255 1247
1256 1245 1246
1256 1246 1248
1242 1257 1253
1242 1255 1257
1253 1258 1249
1250 1249 1258
1257 1258 1253
1259 1251 1250
1259 1250 1258
1256 1260 1245
1261 1256 1248
1261 1260 1256
1262 1245 1260
1254 1245 1262
1261 1262 1260
1254 1263 1255
1254 1262 1263
1264 1257 1255
1264 1258 1257
1264 1255 1263
1259 1265 1251
1265 1252 1251
1259 1258 1266
1259 1266 1265
1262 1267 1263
1264 1263 1267
1264 1268 1258
1268 1266 1258
1265 1269 1252
1261 1270 1262
1262 1270 1267
1264 1267 1271
1264 1271 1268
1268 1272 1266
1268 1271 1272
1265 1273 1269
1265 1266 1273
1269 1274 1252
1269 1273 1274
1237 1252 1274
1275 1266 1272
1275 1273 1266
1237 1274 1238
1261 1248 1276
1248 1221 1276
1275 1277 1273
1277 1274 1273
1275 1272 1278
1278 1272 1271
1275 1278 1277
1279 1271 1267
1279 1267 1270
1261 1280 1270
1261 1276 1280
1281 1274 1277
1282 1277 1278
1282 1281 1277
1278 1271 1283
1279 1283 1271
1282 1278 1283
1238 1274 1284
1281 1284 1274
1279 1270 1285
1285 1270 1280
1282 1286 1281
1282 1283 1286
1286 1284 1281
1279 1287 1283
1279 1285 1287
1286 1283 1287
1238 1284 1288
1231 1238 1288
1286 1289 1284
1289 1288 1284
1286 1287 1290
1285 1290 1287
1286 1290 1289
1231 1288 1239
1285 1280 1291
1285 1291 1290
1289 1290 1292
1289 1292 1288
1291 1292 1290
1293 1239 1288
1293 1288 1292
1294 1291 1280
1276 1294 1280
1295 1292 1291
1294 1295 1291
1296 1292 1295
1293 1292 1296
1296 1295 1294
1293 1297 1239
1293 1296 1297
1239 1297 1227
1297 1199 1227
1296 1294 1298
1296 1298 1297
1193 1199 1297
1299 1294 1276
1299 1298 1294
1221 1300 1276
1011 1300 1221
1011 1003 1300
1300 1003 1017
1301 1297 1298
1301 1298 1299
1193 1297 1302
1301 1302 1297
1166 1193 1159
1193 1303 1159
1193 1302 1303
1304 1301 1299
1301 1305 1302
1304 1305 1301
1306 1159 1303
1306 1163 1159
1303 1302 1307
1306 1303 1307
1308 1302 1305
1307 1302 1308
1304 1299 1309
1299 1276 1309
1276 1300 1309
1300 1017 1310
1311 1309 1300
1311 1300 1310
1304 1309 1312
1311 1312 1309
1313 1305 1304
1313 1304 1312
1314 1310 1017
1314 1017 1018
1315 1311 1310
1315 1312 1311
1314 1315 1310
1308 1305 1316
1313 1316 1305
1307 1308 1317
1308 1316 1317
1313 1312 1318
1315 1318 1312
1314 1319 1315
1320 1314 1018
1320 1319 1314
1313 1321 1316
1313 1318 1321
1322 1317 1316
1315 1319 1323
1315 1323 1318
1307 1317 1324
1322 1324 1317
1316 1321 1325
1322 1316 1325
1306 1307 1326
1307 1324 1326
1306 1327 1163
1320 1018 1328
1328 1018 996
1306 1326 1329
1306 1329 1327
1320 1330 1319
1330 1323 1319
1327 1331 1163
1158 1163 1331
1332 1329 1326
1327 1329 1333
1332 1333 1329
1324 1334 1326
1332 1326 1334
1327 1335 1331
1327 1333 1335
1336 1334 1324
1336 1332 1334
1322 1337 1324
1322 1325 1338
1322 1338 1337
1339 1325 1321
1336 1324 1340
1337 1340 1324
1336 1341 1332
1336 1340 1341
1342 1321 1318
1342 1339 1321
1343 1325 1339
1343 1338 1325
1337 1338 1344
1337 1344 1340
1341 1345 1332
1332 1345 1333
1346 1335 1333
1346 1331 1335
1343 1347 1338
1344 1338 1347
1348 1343 1339
1342 1348 1339
1349 1333 1345
1346 1333 1349
1341 1340 1350
1341 1350 1345
1351 1340 1344
1350 1340 1351
1352 1347 1343
1352 1343 1348
1353 1344 1347
1352 1353 1347
1351 1344 1353
1354 1349 1345
1354 1346 1349
1350 1355 1345
1354 1345 1355
1342 1356 1348
1342 1318 1356
1352 1348 1357
1352 1357 1358
1352 1358 1353
1350 1359 1355
1354 1355 1360
1360 1355 1359
1348 1361 1357
1358 1357 1361
1358 1362 1353
1358 1361 1362
1350 1351 1363
1351 1353 1364
1351 1364 1363
1350 1365 1359
1350 1363 1365
1360 1359 1366
1359 1365 1366
1354 1360 1367
1354 1368 1346
1354 1367 1368
1353 1362 1369
1353 1369 1364
1370 1363 1364
1370 1365 1363
1360 1371 1367
1360 1366 1371
1368 1367 1371
1346 1368 1372
1346 1372 1331
1364 1369 1373
1370 1364 1373
1374 1369 1362
1374 1373 1369
1375 1366 1365
1375 1371 1366
1376 1365 1370
1375 1365 1376
1377 1370 1373
1376 1370 1377
1377 1373 1374
1375 1376 1377
1368 1371 1378
1368 1378 1372
1374 1362 1379
1361 1379 1362
1377 1374 1380
1375 1377 1380
1375 1381 1371
1375 1380 1381
1382 1378 1371
1381 1382 1371
1383 1374 1379
1383 1380 1374
1384 1372 1378
1384 1378 1382
1381 1380 1385
1383 1385 1380
1381 1386 1382
1381 1385 1386
1382 1386 1387
1384 1382 1387
1387 1386 1385
1383 1379 1388
1383 1388 1385
1384 1389 1372
1331 1372 1390
1389 1390 1372
1384 1387 1391
1387 1385 1391
1384 1391 1389
1392 1388 1379
1361 1392 1379
1393 1385 1388
1393 1391 1385
1394 1389 1391
1394 1390 1389
1395 1331 1390
1395 1158 1331
1396 1388 1392
1396 1393 1388
1393 1397 1391
1394 1391 1397
1396 1397 1393
1394 1398 1390
1395 1390 1398
1394 1397 1398
1399 1158 1395
1399 1395 1398
1399 1151 1158
1396 1392 1400
1361 1400 1392
1396 1401 1397
1396 1400 1401
1402 1398 1397
1399 1398 1402
1399 1402 1151
1402 1397 1401
1403 1400 1361
1404 1401 1400
1402 1401 1404
1403 1404 1400
1403 1361 1405
1405 1361 1348
1405 1348 1356
1403 1405 1406
1403 1406 1404
1405 1356 1406
1407 1402 1404
1407 1151 1402
1407 1404 1406
1408 1151 1407
1408 1150 1151
1407 1406 1409
1408 1407 1409
1409 1406 1356
1408 1409 1150
1150 1409 1155
1410 1409 1356
1155 1409 1410
1410 1356 1318
1410 1318 1323
1155 1410 1411
1410 1323 1411
1155 1411 1412
1155 1412 1153
1323 1413 1411
1330 1413 1323
1414 1412 1411
1414 1153 1412
1414 1411 1413
1414 1147 1153
1414 1415 1147
1415 1157 1147
1416 1414 1413
1330 1417 1413
1417 1416 1413
1414 1418 1415
1416 1418 1414
1419 1157 1415
1419 1415 1418
1416 1420 1418
1417 1420 1416
1420 1419 1418
1330 1421 1417
1417 1421 1420
1422 1157 1419
1165 1157 1422
1165 1422 1186
1422 1419 1423
1422 1423 1186
1420 1423 1419
1423 1216 1186
1420 1216 1423
1420 1424 1216
1420 1421 1424
1214 1216 1424
1330 1425 1421
1320 1425 1330
1214 1424 1426
1214 1426 1215
1427 1424 1421
1320 1428 1425
1320 1328 1428
1429 1426 1424
1427 1429 1424
1427 1421 1430
1421 1425 1431
1421 1431 1430
1427 1430 1432
1432 1430 1431
1425 1433 1431
1432 1431 1433
1434 1425 1428
1434 1433 1425
1328 1435 1428
1436 1427 1432
1436 1429 1427
1437 1432 1433
1437 1433 1434
1438 1434 1428
1438 1428 1435
1328 1439 1435
1328 996 1439
1437 831 1432
1436 1432 831
1437 1434 1440
1437 1440 831
1438 1441 1434
1441 1440 1434
1438 1435 1442
1438 1442 1441
1436 831 1443
1436 1443 1429
816 831 1440
1443 831 814
1441 1444 1440
816 1440 1444
1441 1442 1444
794 816 1444
794 1444 796
1445 1443 814
1445 1429 1443
694 1445 814
1435 1446 1442
1435 1439 1446
1442 1447 1444
796 1444 1447
1442 1446 1447
1445 1448 1429
694 1448 1445
1449 1439 996
1449 996 987
1450 1446 1439
1450 1439 1449
694 1451 1448
694 680 1451
1429 1448 1452
1448 1451 1452
1449 987 1453
1450 1449 1453
937 1453 987
1450 1454 1446
1446 1454 1447
1450 1453 1454
1455 1452 1451
1455 1451 680
1429 1452 1426
1455 1426 1452
1455 1215 1426
1455 680 1215
692 1215 680
937 1456 1453
1456 1454 1453
796 1447 1457
1447 1454 1457
692 1458 1215
1215 1458 1213
692 660 1458
1213 1458 1222
1459 1458 660
1459 1222 1458
1459 660 1222
661 1222 660
1223 1222 661
937 1460 1456
937 923 1460
1461 1454 1456
1461 1457 1454
1461 1456 1460
1223 661 1462
1223 1462 1195
1463 1460 923
1461 1460 1463
1463 923 924
1464 1462 661
1464 661 654
1465 1195 1462
1464 1465 1462
1465 1194 1195
1464 654 658
1463 924 1466
1466 924 850
1461 1463 1467
1463 1466 1467
1468 1457 1461
1468 1461 1467
1464 1469 1465
1465 1469 1470
1465 1470 1194
1464 1470 1469
1464 658 1471
1464 1471 1470
1472 1471 658
1472 1470 1471
1470 1473 1194
1472 1473 1470
1472 658 1473
1178 1194 1473
1473 658 657
1468 1467 1474
1466 1474 1467
1468 1475 1457
796 1457 1475
796 1475 789
1468 1476 1475
1178 1473 1477
1178 1477 1154
1478 1473 657
1478 1477 1473
1477 730 1154
1479 1475 1476
1468 1479 1476
1479 789 1475
1468 1474 1479
1479 765 789
1478 657 1480
1480 657 663
1478 1481 1477
1478 1480 1481
1477 1482 730
1477 1481 1482
1479 1483 765
765 1483 769
1484 1480 663
1484 1481 1480
1484 1482 1481
1484 730 1482
1484 663 675
1484 715 730
1484 690 715
1484 675 690
1485 769 1483
1485 1483 1479
1485 1486 769
1485 1479 1486
1486 783 769
1487 1486 1479
1487 1479 1474
1487 783 1486
1488 1487 1474
1488 1474 1466
1489 783 1487
1489 800 783
1488 1490 1487
1488 1466 1490
1489 1487 1491
1489 1491 800
1487 1490 1491
800 1491 1492
1490 1492 1491
800 1492 821
1466 1493 1490
1493 1492 1490
1493 821 1492
1466 850 1493
834 1493 850
834 821 1493