-0.161780998111 -0.965219974518 -0.205372005701
-0.157860994339 0.18385399878 -0.970194995403
0.101815000176 0.992564022541 0.0667140036821
-0.0979209989309 -0.978861987591 -0.17955699563
0.0846019983292 -0.976657986641 0.19743900001
0.52023601532 -0.641242980957 0.56405800581
0.509631991386 -0.639783024788 0.57528501749
-0.0462329983711 -0.994803011417 -0.0907149985433
0.00361800007522 -0.998241007328 -0.059183999896
0.00168200000189 -0.99993699789 -0.0110860001296
0.224125996232 -0.935380995274 0.273550003767
-0.0474690012634 -0.962489008904 0.267138004303
0.00313999992795 -0.999674022198 0.0253410004079
0.00528699997813 -0.99987000227 0.0152329998091
-0.00259499996901 -0.998356997967 0.0572329983115
0.334360003471 -0.937551021576 0.0959279984236
0.176576003432 -0.496387004852 0.849954009056
0.257458001375 -0.637844026089 0.725858986378
0.269106000662 -0.369156986475 0.889553010464
-0.0580869987607 -0.990635991096 0.123556002975
0.00118699995801 -0.996969997883 -0.0777759999037
0.0113350003958 -0.991492986679 -0.129663005471
0.275467008352 -0.958073973656 0.0788159966469
0.212515994906 -0.365024000406 0.906418025494
0.327784001827 0.215556994081 0.919833004475
0.220452994108 0.0910170003772 0.971141993999
0.370335996151 -0.482926011086 0.793494999409
-0.287144005299 -0.191909000278 0.938466012478
0.109871998429 0.157532006502 0.981383025646
0.141200006008 0.0304300002754 0.989512979984
0.65546298027 -0.650687992573 0.383370995522
-0.558902025223 -0.472413986921 0.681508004665
-0.319113999605 0.388249993324 0.864539027214
0.0834819972515 0.603238999844 0.793178975582
-0.470586001873 0.294517993927 0.831749975681
0.0681969970465 -0.358000993729 0.93122702837
0.150321006775 -0.30850699544 0.939270019531
-0.202298000455 0.749167978764 0.630730986595
-0.0736140012741 -0.0930270031095 0.992938995361
-0.640758991241 0.25368899107 0.724617004395
0.298344999552 -0.26701900363 0.916347026825
0.34657099843 0.0626399964094 0.935930013657
0.612173974514 -0.379038989544 0.693953990936
-0.36868301034 0.387035995722 0.845148026943
-0.344700008631 0.72245401144 0.599367976189
-0.301577985287 -0.329156011343 0.894822001457
0.684274971485 -0.137193992734 0.716202020645
0.131920993328 -0.678734004498 0.722437977791
-0.508400022984 0.613701999187 0.604068994522
-0.668844997883 0.534278988838 0.5169069767
0.517556011677 -0.0565339997411 0.8537799716
0.71927601099 -0.356539011002 0.596256017685
0.437503010035 -0.349404990673 0.828557014465
0.394535005093 -0.453191012144 0.79935002327
0.108926996589 -0.557798027992 0.822798013687
-0.0414870008826 -0.645440995693 0.762682020664
-0.368703991175 -0.368124008179 0.853546977043
0.649405002594 -0.7100020051 0.272341012955
-0.285688996315 -0.388081014156 0.876227974892
-0.594991981983 -0.239392995834 0.767252027988
0.126765996218 -0.322685003281 0.937978982925
0.109745003283 -0.277819007635 0.95434397459
-0.321000009775 -0.311197012663 0.894491970539
-0.316740006208 0.849472999573 0.421985000372
0.242161005735 -0.19641199708 0.950147986412
-0.206564992666 -0.209601998329 0.955718994141
0.272417992353 -0.251926988363 0.92861199379
0.0159079991281 -0.255138009787 0.966773986816
-0.512803971767 0.71886998415 0.469316005707
-0.426225990057 0.376457005739 0.822564005852
-0.816878974438 -0.191036999226 0.544255018234
-0.0698179975152 0.550751984119 0.831744015217
-0.442007988691 0.585162997246 0.679862976074
-0.189273998141 0.322843998671 0.927332997322
-0.403389006853 -0.228598996997 0.88601398468
-0.36021399498 -0.173774003983 0.916541993618
-0.651102006435 -0.271075993776 0.708931982517
0.0989480018616 0.282849997282 0.95404702425
0.221177995205 -0.0800739973783 0.971940994263
-0.234803006053 -0.221924006939 0.946371018887
0.00759000005201 -0.254162013531 0.967131972313
-0.0448380000889 -0.380052000284 0.923878014088
0.221374005079 -0.0589199997485 0.973406970501
0.364430010319 -0.225468993187 0.903523027897
-0.263245999813 -0.108007997274 0.958662986755
-0.10394500196 -0.28001999855 0.954349994659
-0.153349995613 -0.230945006013 0.960806012154
0.26209500432 0.307442009449 0.914759993553
0.154000997543 -0.246152997017 0.956918001175
-0.744337022305 -0.351503998041 0.56780898571
-0.665072023869 -0.314738988876 0.677214026451
0.18704199791 -0.20195800066 0.961368024349
-0.419405996799 -0.311547011137 0.852663993835
0.0282499995083 -0.212332993746 0.97678899765
-0.18761600554 0.0286219995469 0.981824994087
0.186577007174 -0.152572005987 0.970520973206
-0.862048983574 -0.265107989311 0.43195900321
-0.321478009224 -0.172000005841 0.931164979935
-0.694214999676 -0.243854999542 0.67720001936
0.212681993842 -0.0609490014613 0.975219011307
-0.0660500004888 0.506927013397 0.859454989433
0.273333996534 -0.171612992883 0.946487009525
-0.655974984169 -0.0652149990201 0.751959979534
0.14242400229 -0.127956002951 0.981500029564
-0.159093007445 -0.201906993985 0.966396987438
-0.416920989752 -0.205752000213 0.885348975658
0.131549999118 -0.867259025574 0.480163991451
0.221265003085 0.489320993423 0.84356802702
-0.181247994304 -0.109279997647 0.977347016335
0.0152709996328 -0.53541302681 0.844452023506
-0.160922005773 -0.919757008553 0.35798099637
0.101342998445 0.181629002094 0.978130996227
-0.64359498024 0.220764994621 0.732836008072
-0.121936999261 -0.236490994692 0.96395200491
-0.404311001301 -0.0566250011325 0.91286700964
0.129686996341 0.606178998947 0.78468298912
0.0968869999051 0.766247987747 0.635197997093
-0.191015005112 -0.197576999664 0.961497008801
-0.24852399528 0.432159006596 0.866876006126
-0.139421001077 0.803651988506 0.578536987305
-0.253692001104 0.847792983055 0.465710997581
-0.576718986034 0.35586899519 0.735359013081
-0.640793025494 0.505815982819 0.577525019646
-0.652302026749 0.019612999633 0.757704973221
-0.267722010612 -0.252195000648 0.929904997349
0.0068100001663 -0.0224820002913 0.99972397089
-0.106412000954 -0.0552660003304 0.992784976959
-0.189842000604 0.444880992174 0.875236988068
-0.756624996662 -0.233250007033 0.610830008984
0.0131289996207 -0.992551982403 0.121111996472
-0.00630600005388 0.0734869986773 0.997276008129
-0.0337620005012 -0.150663003325 0.988008022308
0.0387739986181 -0.224645003676 0.973668992519
0.0752820000052 0.195555001497 0.977798998356
-0.419582992792 0.875522971153 0.239603996277
-0.210721001029 0.97011500597 0.120305001736
0.199797004461 -0.0598599985242 0.978007018566
-0.724780023098 0.653953015804 0.216888993979
-0.521466016769 0.850275993347 -0.0714389979839
-0.476197004318 0.860689997673 -0.180136993527
-0.881492972374 0.447203010321 0.151589006186
-0.93498301506 0.297592997551 0.192990005016
-0.826388001442 0.561083972454 -0.0476149991155
-0.727738976479 0.62796998024 -0.27577200532
-0.886444985867 0.123548001051 0.446038991213
-0.8630220294 -0.42768201232 0.268851011992
0.449661999941 -0.188569992781 0.87306702137
-0.99455499649 0.0388079993427 -0.0967160016298
-0.24022500217 -0.957642972469 0.158779993653
-0.517876029015 0.700908005238 -0.490440994501
-0.625652015209 -0.779070019722 -0.0401219986379
-0.763957977295 0.371890991926 -0.527319014072
-0.714266002178 0.591512978077 -0.374080985785
-0.24668200314 -0.965372025967 0.0848750025034
-0.876008987427 -0.145622998476 -0.459785014391
-0.700221002102 0.713590979576 -0.0218809992075
-0.25245898962 -0.966502010822 0.046248998493
-0.735431015491 0.393669009209 -0.551513016224
-0.963270008564 0.146772995591 0.224875003099
-0.00369499996305 -0.998670995235 0.051398999989
-0.965301990509 0.170058995485 -0.198170006275
-0.998238027096 -0.0429229997098 -0.040977999568
0.491742014885 -0.210755005479 0.844850003719
-0.316282004118 -0.945134997368 0.0817650035024
-0.890051007271 0.435968995094 0.133192002773
-0.571546018124 0.804520010948 0.161500006914
0.427426993847 -0.180088996887 0.885931015015
-0.981711983681 0.158703997731 0.105136997998
-0.81333899498 0.560694992542 0.155246004462
-0.558510005474 -0.802879989147 0.208449006081
0.0598959997296 -0.978431999683 0.197693005204
0.0867440029979 -0.981426000595 0.171111002564
-0.0288880001754 -0.99629098177 -0.081059999764
0.401611000299 -0.466881990433 0.787864029408
0.400536000729 -0.171529993415 0.900081992149
0.00401799986139 -0.999535024166 -0.0302409995347
-0.239372998476 -0.880811989307 -0.408497005701
-0.539255023003 -0.837866008282 -0.0847669988871
0.495534986258 -0.528137028217 0.689577996731
0.42226600647 -0.160090997815 0.892223000526
0.434285998344 -0.183083996177 0.881973028183
0.650907993317 -0.732891023159 0.197961002588
0.583838999271 -0.788042008877 0.195245996118
0.522738993168 -0.477117985487 0.706471979618
-0.362937986851 -0.92640799284 0.10021699965
-0.807044029236 -0.578032970428 -0.120658002794
-0.762238025665 -0.626933991909 0.161082997918
-0.500074028969 -0.667756021023 0.551387012005
0.308510988951 -0.946187973022 0.0977229997516
0.166881993413 -0.985616981983 0.0266430005431
0.72711700201 -0.643047988415 0.240397006273
0.0851539969444 -0.996276974678 0.0134279998019
0.423094987869 -0.898754000664 0.115034997463
-0.146881997585 -0.95508402586 0.257373005152
0.0324320010841 -0.999472022057 0.00212000007741
0.0109900003299 -0.999922990799 0.00577699998394
-0.175880998373 -0.713617026806 0.678098022938
0.0271959993988 -0.998791992664 -0.0409330017865
0.212874993682 -0.972905993462 0.0902080014348
0.109589003026 -0.99196600914 0.0631930008531
0.0654169991612 -0.995413005352 0.0698179975152
0.0831750035286 -0.930463016033 0.356821000576
0.268694996834 -0.75784599781 0.594534993172
0.0240320004523 -0.996226012707 0.0834089964628
0.412102997303 -0.866204023361 0.2825999856
0.0326660014689 -0.999363005161 -0.014356999658
0.0244730003178 -0.998986005783 -0.0377889983356
0.0238099992275 -0.997264027596 0.0699829980731
0.0329460017383 -0.995153009892 0.0926600024104
0.0240240003914 -0.993107974529 0.114716999233
0.0884979963303 -0.995796978474 0.0235910005867
0.248030006886 -0.959396004677 -0.134319007397
0.0595889985561 -0.998180985451 -0.00916500017047
0.135269001126 -0.989149987698 -0.0573050007224
0.498416006565 -0.858651995659 0.119574002922
0.0338129997253 -0.995046019554 0.0934910029173
0.0243829991668 -0.989966988564 0.139180004597
0.0237569995224 -0.999714016914 -0.00289899995551
0.000333000003593 -0.999590992928 -0.0286090001464
0.00419300002977 -0.99922400713 -0.0391549989581
0.00497800018638 -0.999387025833 -0.0346559993923
0.024910999462 -0.999606013298 -0.0128990001976
0.00903300009668 -0.999588012695 -0.0272380001843
0.00785099994391 -0.999755978584 0.0206480007619
-0.000675000017509 -0.99981802702 0.0190740004182
0.171872004867 -0.951412975788 0.255486011505
0.0282400008291 -0.999283015728 -0.0252390000969
-0.345647990704 -0.92948102951 -0.128811001778
-0.346428006887 -0.88063198328 0.323226004839
0.0155600002035 -0.999611020088 0.0231570005417
0.533612012863 -0.811393022537 0.238535001874
0.413951992989 -0.900919020176 0.130337998271
0.766717016697 -0.602687001228 0.221164003015
-0.476058006287 -0.877050995827 0.0644240006804
0.348589003086 -0.918299973011 0.187644004822
0.459138005972 -0.736726999283 0.496414005756
0.0370379984379 -0.818687021732 0.573045015335
-0.0425710007548 -0.970450997353 0.237515002489
0.167582005262 -0.782603025436 0.599539995193
0.128560006618 -0.85166400671 0.508074998856
-0.0673609972 -0.613288998604 0.786980986595
-0.0695910006762 -0.679549992085 0.730320990086
-0.110733002424 -0.993438005447 -0.02863500081
-0.161914005876 -0.68898999691 0.706453025341
-0.172804996371 -0.76483798027 0.620612978935
-0.2889559865 -0.8634750247 0.413417994976
-0.504522025585 -0.80211597681 -0.319480985403
-0.526081979275 -0.836521029472 -0.153200000525
-0.557623028755 -0.767368018627 -0.316547989845
-0.416510999203 -0.9084020257 -0.0363860018551
-0.415939003229 -0.87342697382 0.253219008446
-0.482331007719 -0.856562972069 0.183458998799
-0.265103012323 -0.95891302824 -0.101029001176
-0.0461179986596 -0.967409014702 0.248985007405
0.0152679998428 -0.998717010021 0.0482730008662
-0.555661976337 -0.805221021175 -0.207023993134
-0.0676779970527 -0.995975017548 0.0587680004537
0.197671994567 -0.972755014896 0.121134996414
0.145774006844 -0.989076972008 0.0218490008265
0.656786978245 -0.749216973782 0.0854659974575
0.520223975182 -0.703429996967 0.4843069911
0.186578005552 -0.794884026051 0.577363014221
-0.182170003653 -0.960898995399 0.208537995815
0.0876979976892 -0.995859980583 0.023918999359
-0.0587420016527 -0.998175978661 0.013961000368
0.0766680017114 -0.985814988613 0.149298995733
0.0323869995773 -0.958154022694 0.284415006638
-0.128387004137 -0.754347026348 0.643799006939
-0.413742005825 -0.846642971039 0.334683001041
-0.339857012033 -0.922976016998 0.180588006973
-0.0218390002847 -0.998269975185 0.0545919984579
-0.501820027828 -0.861446976662 -0.0780069977045
-0.351850986481 -0.9347230196 -0.0499299988151
-0.713513970375 -0.58039098978 -0.392484992743
-0.0645710006356 -0.991962015629 -0.108820997179
-0.101626999676 -0.979340970516 0.174823001027
-0.468495994806 -0.813988983631 0.343414008617
0.202509000897 -0.972804009914 0.1124420017
0.468979001045 -0.868538022041 -0.160311996937
0.465638995171 -0.828086018562 0.312175005674
-0.261043995619 -0.948997020721 -0.1768040061
-0.391220003366 -0.705929994583 -0.59043097496
-0.422958999872 -0.801984012127 -0.421815007925
-0.535362005234 -0.844622015953 -0.00154099997599
0.211741998792 -0.956018984318 0.20296099782
0.591216027737 -0.607492983341 0.530487000942
-0.240071997046 -0.963787019253 0.116106003523
-0.509221971035 -0.830474972725 0.225842997432
0.271214008331 -0.786521017551 0.554822981358
0.641360998154 -0.413625985384 0.646196007729
0.194786995649 -0.966849982738 -0.165105000138
0.30963999033 -0.950769007206 0.0126780001447
0.337877988815 -0.895457983017 -0.28981500864
0.262225985527 -0.454279005527 0.851391971111
0.318138986826 -0.909775018692 0.266638994217
0.563682973385 -0.379262000322 0.733772993088
0.286074012518 -0.840371012688 -0.460366994143
0.59362000227 -0.645318984985 -0.48081099987
0.391369998455 -0.859731972218 -0.328162997961
0.533717989922 -0.361983001232 0.764272987843
0.479142993689 -0.864512979984 0.151785999537
0.368838012218 -0.851126015186 0.373555988073
0.487332999706 -0.867699980736 -0.097999997437
0.592319011688 -0.290021985769 0.751694977283
0.333694010973 -0.762655973434 0.554078996181
0.193308994174 -0.460476994514 0.86636698246
0.526776015759 -0.736441016197 0.424454003572
0.514201998711 0.0299810003489 0.857145011425
0.536728978157 -0.0926060006022 0.838657021523
0.662217020988 -0.320427000523 0.677344024181
0.0777790024877 -0.167338997126 0.982825994492
0.595173001289 -0.0733010023832 0.800248026848
0.551587998867 -0.169946998358 0.816619992256
0.515335977077 -0.0743149966002 0.853760004044
0.554207980633 -0.00827999971807 0.832337021828
0.613080024719 -0.788747012615 -0.0448409989476
0.627017021179 -0.0575180016458 0.776880025864
0.695564985275 -0.69988900423 0.162309005857
0.560540020466 -0.746270000935 -0.358992993832
0.615951001644 -0.282272994518 0.735476970673
0.841041982174 -0.137431994081 0.52322101593
0.747667014599 -0.0179019998759 0.663832008839
0.692391991615 -0.0857819989324 0.716404020786
0.56456798315 -0.241062000394 0.789399981499
0.766336977482 -0.295749992132 0.570315003395
0.615832984447 -0.26313200593 0.742637991905
0.661247014999 -0.109926998615 0.742070972919
0.563543021679 -0.0190760008991 0.825865983963
0.256920009851 0.111813999712 0.959942996502
0.799170970917 -0.0708459988236 0.596915006638
0.870079994202 -0.0452160015702 0.490832000971
0.820984005928 0.0116689996794 0.570832014084
-0.071939997375 0.0612410008907 0.995527029037
0.78604799509 -0.00912200007588 0.618098020554
0.742097973824 -0.670149028301 -0.0138140004128
0.914958000183 0.055828999728 0.399668991566
0.857710003853 0.0818390026689 0.507578015327
0.843445003033 0.142093002796 0.518082976341
0.805490970612 -0.546461999416 -0.229267001152
0.881219983101 -0.472683012486 0.00480599980801
0.28530099988 0.507637023926 0.812961995602
0.637992978096 0.0648349970579 0.76730799675
0.604282975197 0.0394349992275 0.795792996883
0.533306002617 0.0293429996818 0.845413029194
0.128609001637 0.203282997012 0.970637023449
-0.0454510003328 0.559068977833 0.82787501812
0.670647025108 0.062244001776 0.739161014557
0.63655102253 -0.0673829987645 0.768285989761
0.359645009041 -0.134347006679 0.923367023468
0.545111000538 0.258675009012 0.79745900631
0.532531023026 0.104907996953 0.839883983135
0.46096599102 -0.123281002045 0.878813028336
0.378147006035 0.233695998788 0.895762979984
0.509690999985 -0.391932010651 0.76590102911
0.23271599412 0.189535006881 0.953896999359
0.296407997608 -0.0219710003585 0.954809010029
0.566699028015 -0.586223006248 0.578960001469
0.606274008751 -0.408367991447 0.682398021221
0.602428972721 -0.168531998992 0.780176997185
0.413956999779 0.325558006763 0.850089013577
0.803076028824 -0.432864010334 0.409507989883
0.391191005707 0.206955999136 0.896737992764
-0.0915599986911 0.772365987301 0.628543972969
0.747148990631 0.0174959991127 0.664426982403
0.438757002354 0.522593975067 0.731018006802
0.385529011488 0.756595015526 0.528138995171
0.913228988647 -0.151625007391 0.37818300724
0.971382975578 -0.19218300283 0.139576002955
0.899168014526 0.159636005759 0.407447993755
0.174199000001 0.899532973766 0.400617986917
0.739381015301 0.550378024578 0.387813985348
0.923838019371 0.240893006325 0.297477990389
0.974689006805 0.202106997371 0.0955749973655
0.476043999195 0.859064996243 0.188122004271
0.689007997513 0.722414016724 0.0581910014153
0.983133971691 0.0413639992476 0.178147003055
0.982021987438 -0.131402999163 -0.13551799953
0.14594399929 0.989157021046 0.0163880009204
0.875046014786 0.40857899189 -0.25953400135
0.969769001007 0.243753001094 -0.0115369996056
0.910037994385 -0.0933419987559 -0.403878986835
0.374464988708 0.903156995773 -0.209961995482
0.315858989954 0.894415020943 -0.316632002592
0.955295026302 0.131828993559 0.264636993408
0.681662023067 0.410544008017 -0.605632007122
0.538599014282 0.67763698101 -0.500717997551
0.742608010769 -0.450183987617 -0.495849996805
0.787926971912 -0.0572240017354 -0.613103985786
0.217154994607 0.660441994667 -0.718791007996
0.983497023582 0.163782998919 0.0768750011921
0.99448800087 0.0584460012615 -0.087053000927
0.534775972366 0.347032994032 -0.770443022251
0.945133984089 -0.0179340001196 -0.326189994812
0.924646019936 0.260663002729 0.277640998363
0.347871989012 0.472090005875 -0.810010015965
0.669587016106 -0.302404999733 -0.678384006023
0.636923015118 0.0622050017118 -0.768414020538
0.256830006838 0.352046996355 -0.900056004524
0.00731900008395 0.568292021751 -0.82279497385
0.459461987019 -0.553385019302 -0.694737017155
0.41081699729 -0.134063005447 -0.901807010174
0.0436130017042 0.426694005728 -0.903343975544
0.0525260008872 0.165910005569 -0.984740972519
0.452003985643 -0.72699701786 -0.516883015633
0.65158700943 0.15100300312 -0.743393003941
0.161604002118 -0.254523992538 -0.953468024731
0.364919990301 -0.616963982582 -0.697272002697
0.319346994162 -0.691923975945 -0.6475020051
0.365238010883 -0.126264005899 -0.922312021255
0.656094014645 -0.0811809971929 -0.750299990177
0.896386027336 -0.201017007232 -0.395076006651
0.182460993528 -0.710026025772 -0.680126011372
0.156626001 -0.4241989851 -0.89192199707
0.285194009542 -0.634337007999 -0.718527019024
0.829155027866 -0.3017359972 -0.470593005419
-0.00421100016683 0.0229020006955 -0.99972897768
0.495292007923 -0.516857981682 -0.698243975639
0.908460021019 -0.0929419994354 -0.407505989075
0.943709015846 0.0102939996868 -0.33061799407
0.894733011723 -0.0490919984877 -0.443895995617
0.720524013042 -0.645597994328 -0.25307700038
0.758661985397 -0.510447025299 -0.404814988375
0.914563000202 -0.0710859969258 -0.398146986961
0.831468999386 -0.066426999867 -0.551585018635
0.773617982864 -0.0230589993298 -0.63323199749
0.748826980591 -0.383065998554 -0.540849983692
0.658928990364 -0.620809972286 -0.424744009972
0.650951981544 -0.719218015671 -0.242871999741
0.708119988441 -0.0590270012617 -0.703620970249
0.767530977726 -0.0976539999247 -0.633530020714
0.773149013519 -0.353879988194 -0.526317000389
0.813539981842 -0.216921001673 -0.539534986019
0.641134977341 -0.209010004997 -0.738417983055
0.726022005081 -0.0448059998453 -0.686209976673
0.772540986538 -0.504567027092 -0.385477006435
0.635515987873 -0.0942849963903 -0.766309022903
0.653976976871 -0.164307996631 -0.738456010818
0.681695997715 -0.0587669983506 -0.729272007942
0.600926995277 -0.0946990028024 -0.793673992157
0.885644972324 -0.0188870001584 -0.463979005814
0.954173982143 0.12537099421 -0.271723985672
0.6632630229 -0.175788000226 -0.727447986603
0.719685971737 0.080012999475 -0.689674019814
0.52924901247 0.0722429975867 -0.84538602829
0.644053995609 -0.0690840035677 -0.761853992939
0.59776699543 0.00181299995165 -0.8016679883
0.811200976372 0.284741014242 -0.51075899601
0.533870995045 0.122213996947 -0.836687028408
0.754496991634 -0.179629996419 -0.631242990494
0.751523971558 -0.2121720016 -0.624655008316
0.620939016342 0.329266011715 -0.711349010468
0.504893004894 0.12410800159 -0.854212999344
0.701494991779 -0.0839179977775 -0.707715988159
0.543030023575 -0.460492014885 -0.702185988426
0.521651029587 -0.0456710010767 -0.851935982704
0.533231019974 -0.453848004341 -0.713922977448
0.487619996071 -0.0563240014017 -0.871236979961
0.415273994207 -0.198096007109 -0.887866020203
0.814544975758 -0.43746599555 -0.380973011255
0.632574975491 -0.323053985834 -0.703907012939
0.336575001478 -0.49747300148 -0.799522995949
0.674243986607 0.323116004467 -0.664071023464
0.486097991467 0.334273993969 -0.80744600296
0.449809998274 0.246415004134 -0.85845798254
0.381473004818 -0.333912998438 -0.861962974072
0.368211001158 -0.782344996929 -0.502350986004
0.847060024738 0.259077996016 -0.464078009129
0.277280002832 -0.206563994288 -0.938322007656
0.271117985249 -0.108329996467 -0.956430971622
0.25839099288 -0.497476011515 -0.828100979328
0.164452001452 -0.30581599474 -0.937780022621
0.383504986763 0.307516008615 -0.870837986469
0.266092985868 -0.298352986574 -0.91661298275
0.127991005778 -0.926002979279 -0.355158001184
0.179711997509 -0.524137973785 -0.832455992699
0.135119006038 -0.176448002458 -0.974991977215
0.27519801259 -0.57254999876 -0.77230399847
0.0928760021925 -0.512341022491 -0.853744983673
0.195480003953 -0.370617002249 -0.907980978489
0.0955789983273 -0.946336984634 -0.308724999428
0.178175002337 -0.355477005243 -0.917545974255
0.136807993054 -0.398672014475 -0.906831979752
0.228954002261 -0.483489006758 -0.844878017902
0.17141699791 -0.676886022091 -0.715849995613
0.136144995689 -0.516124010086 -0.845624029636
0.18154899776 -0.0895920023322 -0.979291975498
0.167539000511 -0.258825987577 -0.951282978058
0.257362008095 -0.195876002312 -0.946254014969
0.229396000504 -0.392491996288 -0.890689015388
0.0789240002632 -0.357443988323 -0.930594027042
0.0301319994032 -0.587364017963 -0.808761000633
0.203039005399 -0.242647007108 -0.948629021645
0.271575003862 -0.141307994723 -0.951987028122
0.295655995607 -0.132455006242 -0.946066975594
0.189989998937 0.0957439988852 -0.977105975151
0.11755400151 -0.345212012529 -0.931133985519
0.161539003253 -0.121325001121 -0.979380011559
0.134962007403 -0.860478997231 -0.49128600955
-0.0916519984603 -0.561091005802 -0.82266497612
-0.00366499996744 -0.464051008224 -0.885801017284
-0.135500997305 -0.123875997961 -0.983003020287
0.0214629992843 0.327821999788 -0.944495975971
0.0417440012097 -0.0897549986839 -0.995088994503
0.0768250003457 -0.321682006121 -0.94372600317
-0.155789002776 -0.394784986973 -0.90546900034
-0.185747995973 -0.565280020237 -0.803713977337
0.0702230036259 -0.372790008783 -0.925255000591
0.149998992682 -0.286065012217 -0.946397006512
0.110907003284 -0.218169003725 -0.969587981701
-0.328296989202 0.40634098649 -0.85270601511
0.19063000381 -0.102647997439 -0.976280987263
0.105089001358 -0.352559000254 -0.929870009422
0.216745004058 -0.125238999724 -0.9681609869
-0.619965970516 -0.177056998014 -0.764391005039
-0.419135987759 0.135177999735 -0.897804021835
-0.444745987654 -0.3558639884 -0.821925997734
-0.164316996932 0.705107986927 -0.689799010754
-0.77606600523 0.326804995537 -0.539368987083
-0.47666400671 0.705996990204 -0.523795008659
-0.495083004236 -0.36372500658 -0.789048016071
-0.419925004244 -0.367962002754 -0.829618990421
0.0530400015414 -0.25826600194 -0.964617013931
-0.617881000042 -0.300599992275 -0.726540982723
-0.609458982944 0.581645011902 -0.538747012615
-0.743960022926 0.357107996941 -0.564797997475
-0.761547982693 -0.152373999357 -0.629941999912
-0.703064024448 -0.291604995728 -0.648589015007
-0.656329989433 -0.314114004374 -0.685976028442
-0.426418989897 0.774219989777 -0.467707008123
-0.851475000381 -0.257963985205 -0.456557005644
-0.927954018116 -0.159439995885 -0.336867004633
-0.657434999943 -0.293868988752 -0.693844974041
-0.831843972206 -0.288625985384 -0.474056988955
-0.875186026096 -0.258354008198 -0.409025996923
-0.907419979572 -0.283668994904 -0.310032993555
-0.317384004593 -0.285916000605 -0.904168009758
0.270119994879 -0.179662004113 -0.945915997028
0.216904997826 -0.16126999259 -0.9627789855
0.140480995178 -0.19451199472 -0.970788002014
-0.264930993319 -0.0986040011048 -0.959213018417
-0.830471992493 -0.104165002704 -0.547233998775
-0.939831018448 -0.148978993297 -0.30744600296
0.22715100646 -0.0909060016274 -0.969606995583
0.0699929967523 0.0158939994872 -0.99742102623
-0.389798998833 0.885526001453 -0.252786010504
-0.907550990582 0.271072000265 -0.320733994246
-0.559670984745 0.697180986404 -0.448004007339
-0.865396976471 -0.313005000353 -0.3912999928
-0.785399973392 -0.278885990381 -0.552603006363
-0.42291200161 0.441255986691 -0.791478991508
-0.782836973667 -0.277435004711 -0.556953012943
-0.416707992554 -0.434377998114 -0.798542976379
-0.113058999181 -0.250212013721 -0.961566984653
-0.272128999233 0.853915989399 -0.443592011929
-0.48210299015 0.792068004608 -0.374440014362
-0.846535027027 0.355419009924 -0.396302998066
-0.161320999265 0.450435012579 -0.878113985062
0.108147002757 -0.0274020005018 -0.993757009506
0.0894289985299 -0.329658001661 -0.939854979515
-0.768387973309 0.582013010979 -0.266158998013
-0.079501003027 -0.325985014439 -0.942026019096
-0.474326014519 0.394836008549 -0.786840975285
-0.145411998034 -0.105797000229 -0.983698010445
-0.00302900001407 -0.309206008911 -0.950990021229
-0.715547025204 -0.274434000254 -0.642400026321
-0.0938379988074 -0.344132006168 -0.934220016003
-0.924004018307 0.297751009464 -0.239916995168
-0.717574000359 0.377730995417 -0.585155010223
-0.905961990356 -0.131285995245 -0.402489006519
-0.569164991379 -0.463261008263 -0.679293990135
-0.277801990509 -0.955857992172 -0.0957179963589
-0.355055987835 0.277547985315 -0.892693996429
-0.467335999012 -0.0645499974489 -0.881720006466
-0.353161007166 -0.250910997391 -0.901287972927
-0.351195991039 -0.325830996037 -0.877779006958
-0.0830980017781 -0.28169798851 -0.955897986889
-0.123520001769 -0.319362014532 -0.939548015594
-0.0297350008041 -0.997298002243 -0.0671709999442
-0.152862995863 -0.409377008677 -0.899468004704
-0.00290900003165 -0.388512998819 -0.921438992023
-0.701272010803 -0.176974996924 -0.690577983856
-0.0604799985886 -0.998167991638 0.00176100002136
-0.213091999292 -0.529534995556 -0.821087002754
-0.267452001572 0.331853985786 -0.904622972012
-0.348697990179 -0.371136009693 -0.860620975494
-0.449766010046 -0.744009971619 -0.494123995304
-0.339388012886 -0.935904026031 0.0943389981985
-0.34819701314 -0.506416022778 -0.788860976696
-0.35821801424 0.176382005215 -0.91682600975
-0.439446002245 0.507910013199 -0.740887999535
-0.634917020798 0.257838010788 -0.728286027908
-0.573431015015 -0.382452011108 -0.724505007267
-0.521458983421 0.545036971569 -0.656517982483
-0.659222006798 0.175744995475 -0.731122970581
-0.17692899704 -0.4487169981 -0.87598502636
-0.743004024029 -0.0595760010183 -0.666630029678
-0.59717297554 0.615513026714 -0.51432299614
-0.925903022289 -0.157084003091 -0.343553006649
-0.752672016621 -0.200772002339 0.627036988735
-0.888289988041 0.212203994393 -0.407321989536
-0.564284026623 0.672213017941 -0.479285001755
-0.888579010963 -0.388779997826 0.24346999824
-0.679813027382 0.3797929883 0.627385020256
-0.869229018688 -0.133177995682 -0.476134985685
-0.894618988037 0.316606998444 0.315304994583
-0.605059981346 0.554665029049 0.571182012558
-0.475436002016 0.79124301672 0.384571999311
-0.980772972107 -0.114100001752 -0.158317998052
-0.786252975464 0.425985991955 -0.447595000267
-0.592751979828 0.790988981724 -0.151596993208
-0.686450004578 0.680552005768 -0.256193995476
-0.479478001595 0.754332005978 0.448424011469
-0.61690300703 0.774263978004 0.141231000423
-0.970806002617 0.224445000291 0.0846180021763
-0.73832899332 0.466257989407 0.487313002348
-0.938178002834 -0.234156996012 -0.254938006401
-0.464251995087 -0.685702979565 -0.560608029366
-0.724588990211 0.278836995363 0.630253970623
-0.84692800045 0.0553039982915 0.528823018074
-0.933884978294 -0.208766996861 0.290300995111
-0.876994013786 -0.450134992599 0.168106004596
-0.472119987011 -0.8186429739 -0.326995998621
-0.772343993187 -0.368784993887 0.517186999321
-0.854039013386 -0.486690014601 0.183714002371
-0.800067007542 -0.59602200985 0.0681859999895
-0.437963008881 -0.892141997814 0.110772997141
-0.412250995636 -0.904965996742 -0.105290003121
-0.264463990927 -0.917506992817 -0.297051995993
-0.927109003067 -0.239855006337 0.287990987301
-0.450547993183 -0.8924279809 0.0240490008146
-0.271228998899 -0.948936998844 0.161100998521
-0.494933992624 -0.851302027702 -0.174141004682
-0.838100016117 -0.0324259996414 0.544552028179
-0.473340988159 -0.772219002247 0.423821985722
-0.25981798768 -0.88925999403 0.376444995403
-0.726332008839 -0.37817299366 0.573957026005
-0.680312991142 -0.205564007163 0.703504025936
-0.494213014841 -0.831587016582 -0.25341001153
-0.426952987909 -0.77092897892 -0.472629994154
-0.463158994913 -0.403328001499 0.789183020592
-0.658249974251 -0.682973980904 -0.316628992558
-0.307731986046 -0.735285997391 -0.603866994381
-0.342750012875 -0.650309979916 0.677953004837
-0.325055986643 -0.886232972145 0.33004501462
-0.261846989393 -0.927321970463 0.267414003611
-0.691543996334 -0.721090018749 -0.0423780009151
-0.278017014265 -0.817421972752 0.504507005215
-0.602798998356 -0.756273984909 0.254328012466
-0.21711499989 -0.532262980938 0.818264007568
-0.680601000786 -0.729331970215 0.0696960017085
-0.0539879985154 -0.337348997593 0.939830005169
-0.473942011595 -0.784394979477 0.400128990412
-0.109540998936 -0.649219989777 0.752672016621
-0.618986010551 -0.729704022408 0.290497988462
-0.688974022865 -0.708558022976 -0.152514994144
-0.371610999107 -0.719337999821 0.586906015873
-0.0238060001284 -0.531883001328 0.846482992172
-0.622362017632 -0.682412981987 0.383376985788
-0.648136973381 -0.757454991341 0.0786169990897
-0.201821997762 -0.528290987015 0.824728012085
-0.494673997164 -0.70502102375 -0.508176028728
-0.662190020084 -0.683574020863 -0.306970000267
-0.0349350012839 -0.029525000602 0.99895298481
-0.430748999119 -0.581659018993 0.690020024776
0.00775500014424 -0.65519797802 -0.755416989326
0.073408998549 -0.0221900008619 0.997054994106
-0.142055004835 -0.0347310006618 0.989248991013
0.0536810010672 -0.520722985268 -0.852035999298
0.0590920001268 -0.291812986135 0.954648017883
0.31487300992 -0.236182004213 0.919278025627
0.0814919993281 -0.0500940009952 0.995414018631
-0.0857610031962 -0.0836049988866 0.992802023888
0.0583340004086 -0.256996005774 0.9646499753
-0.0485160015523 -0.495741993189 -0.867114007473
-0.129096001387 -0.247339993715 0.960290014744
-0.283051013947 -0.384346008301 0.878727018833
-0.0482500009239 -0.108130000532 0.992964982986
-0.185673996806 -0.678911983967 -0.710353970528
0.219032004476 0.0654010027647 0.973523020744
-0.0320609994233 -0.255106002092 0.966381013393
-0.366070002317 -0.425680994987 -0.827520012856
-0.0610730014741 -0.242210000753 -0.968299984932
-0.195145994425 -0.0947519987822 0.976185977459
-0.0785730034113 0.0871670022607 0.993089973927
-0.281931996346 -0.027831999585 0.959030985832
0.297780990601 0.108796998858 0.948414027691
-0.130724996328 -0.208169996738 0.969317018986
-0.039115998894 -0.0946549996734 0.994741022587
0.0153869995847 0.102300003171 0.994634985924
0.121234998107 0.112957000732 0.986176013947
-0.187557995319 -0.286119014025 0.939658999443
0.242845997214 0.074781998992 0.967177987099
-0.556942999363 -0.587840020657 -0.586735010147
0.0161649994552 -0.124448999763 -0.992093980312
-0.292773008347 -0.104904003441 -0.95041000843
0.0581989996135 0.213465005159 0.97521597147
0.00566199980676 0.221772000194 0.975081980228
-0.168510004878 -0.192873001099 -0.966646015644
0.0522550009191 0.364226996899 0.929843008518
0.100429996848 0.327464014292 0.93951100111
0.0513789989054 0.349884986877 0.935383021832
-0.553476989269 -0.225797995925 -0.801671981812
0.0989210009575 0.394246995449 0.913664996624
-0.0405800007284 0.455238997936 0.889443993568
-0.110183998942 0.139127999544 0.98412501812
0.114954002202 0.292048990726 0.949469983578
0.00779400020838 -0.0623730011284 0.998022019863
-0.860971987247 0.0676689967513 -0.504131019115
-0.341679006815 -0.165950998664 -0.925049006939
-0.11719699949 0.344689011574 0.931371986866
-0.384267002344 0.0653730034828 0.920903980732
0.0781399980187 0.26109200716 0.962145984173
-0.281224995852 0.188300997019 0.94098597765
-0.118973001838 0.29550999403 0.947902977467
0.0547889992595 0.502964019775 0.862568974495
-0.452969998121 -0.05979700014 0.889518022537
-0.161724001169 -0.0925839990377 -0.982483029366
-0.321700006723 0.216562002897 0.921742975712
-0.0403800010681 0.571985006332 0.819270014763
0.0760679990053 0.452284008265 0.88862401247
-0.00355100003071 0.479295998812 0.877646028996
0.165969997644 0.552291989326 0.816962003708
0.0116149997339 0.0753099992871 0.99709302187
0.0394239984453 0.66100102663 0.74934899807
0.375876009464 -0.196900993586 0.905510008335
-0.562407970428 0.171584993601 0.808861017227
-0.464846998453 0.27936899662 0.840161025524
-0.911050021648 0.139722004533 -0.38789999485
0.400135010481 -0.300518006086 0.865783989429
0.545632004738 0.0332380011678 0.837365984917
-0.700878977776 -0.0547089986503 0.711179018021
-0.635855019093 0.185864001513 0.749095022678
-0.708612024784 0.232121005654 -0.666324973106
-0.769277989864 0.46991199255 -0.432891011238
-0.40006801486 0.402345985174 -0.82344597578
-0.165885001421 0.119626000524 -0.97886300087
-0.516449987888 0.0120479995385 -0.856233000755
-0.549018025398 0.51115000248 -0.661289989948
-0.385053008795 0.289662986994 -0.876259028912
-0.149691998959 0.0996719971299 -0.983695983887
-0.424499005079 0.790928006172 -0.440719991922
-0.204502001405 0.592314004898 -0.77932202816
0.60898399353 -0.448033004999 0.654527008533
0.0311120003462 -0.0903619974852 -0.995423018932
0.544697999954 -0.375140011311 0.750048995018
0.647351980209 -0.603519022465 0.465510994196
0.0827919989824 -0.104892998934 -0.991030991077
0.118901997805 -0.0448860004544 -0.991891026497
0.0253759995103 0.288397014141 -0.957175016403
0.196992993355 0.169791996479 -0.965590000153
0.281628996134 0.0762879997492 -0.95648598671
-0.303265988827 -0.198255002499 0.932053983212
0.0827139988542 0.47798499465 -0.874464988708
0.327214986086 -0.0484029985964 -0.943710029125
0.249851003289 0.29548600316 -0.922097027302
0.284947991371 -0.714401006699 0.639091014862
0.367109000683 0.127342000604 -0.921419978142
0.224149003625 0.00163600000087 -0.974552989006
0.240329995751 0.312898993492 -0.918877005577
-0.0154379997402 0.75117200613 -0.659925997257
-0.128922000527 0.880675971508 -0.455837994814
-0.28445699811 0.633307993412 -0.719726026058
0.168982997537 0.616662025452 -0.768877983093
0.351298004389 0.207206994295 -0.913047015667
0.291097998619 -0.240467995405 -0.925979018211
-0.0910250023007 0.607412993908 -0.78915399313
0.0521080009639 0.867298007011 -0.495054990053
0.45688700676 0.0270739998668 -0.889113008976
0.306663006544 -0.112083002925 -0.945195972919
-0.0315370000899 0.644119024277 -0.7642750144
0.214668005705 0.809974014759 -0.5457649827
-0.144153997302 0.166346997023 -0.975472986698
0.312712997198 -0.145173996687 -0.938687980175
0.244889006019 -0.292732000351 -0.924304008484
-0.204199999571 0.2635230124 -0.942793011665
0.288257986307 -0.111720003188 -0.951013028622
0.431120991707 0.0654779970646 -0.899914979935
0.471017986536 0.0312980003655 -0.881568014622
0.465840995312 0.0427960008383 -0.883832991123
0.511699974537 0.0427710004151 -0.858098983765
0.456817001104 0.0166890006512 -0.889403998852
0.306459009647 0.543026983738 -0.781795978546
0.488842993975 0.11581300199 -0.864650011063
0.146831005812 0.540306985378 -0.828558981419
0.426436990499 0.0946680009365 -0.899550020695
0.330761998892 0.71777099371 -0.612699985504
0.444788008928 0.458743989468 -0.769231975079
0.458216011524 0.194942995906 -0.867200016975
0.483931005001 0.396508991718 -0.780122995377
-0.122703000903 0.306843012571 -0.943817019463
0.178706005216 0.473017007113 -0.862739026546
0.251502990723 0.282914996147 -0.92558401823
0.0724250003695 0.475382000208 -0.876793026924
-0.0170300006866 0.4034909904 -0.914825022221
-0.0494100004435 0.229519993067 -0.972048997879
0.306281000376 0.459127992392 -0.83390301466
-0.107372000813 0.428351014853 -0.897211015224
0.156656995416 0.44502800703 -0.881708025932
-0.0498640015721 0.0696009993553 -0.996327996254
0.549255013466 0.282032012939 -0.786624014378
0.166466996074 0.169953003526 -0.971289992332
-0.00351499998942 -0.0167849995196 -0.999853014946
0.70688700676 0.239697992802 -0.665473997593
0.293047010899 0.440517991781 -0.848568022251
0.363016992807 0.477093994617 -0.800374984741
0.526494026184 0.415618002415 -0.741663992405
0.833006024361 0.367709010839 -0.413390010595
-0.0233580004424 -0.0546960011125 -0.998229980469
0.699549019337 0.46994099021 -0.538317978382
0.915578007698 0.334848999977 -0.222697004676
-0.251996994019 -0.0623980015516 -0.965713977814
-0.0449759997427 -0.0635420009494 -0.996964991093
0.462837010622 0.502936005592 -0.72995698452
0.816863000393 0.487832009792 -0.307821989059
-0.34867399931 0.109898000956 -0.930778980255
-0.104638002813 0.128925994039 -0.986118018627
-0.0292380005121 0.275249987841 -0.960928022861
0.534251987934 0.55433601141 -0.638189971447
0.720661997795 0.557268023491 -0.412431001663
0.455179989338 0.524990975857 -0.719163000584
0.334199994802 0.394479990005 -0.855976998806
0.280322998762 0.336373001337 -0.899039983749
0.749153017998 0.649208009243 -0.131522998214
0.561380028725 0.707219004631 -0.42976000905
0.322055011988 0.378648012877 -0.867702007294
0.432942003012 0.547237992287 -0.716304004192
0.94762802124 0.303882002831 -0.0982659980655
0.503472983837 0.638355970383 -0.582252025604
0.882377028465 0.469211995602 -0.0353600010276
0.98196798563 0.185212999582 -0.0378729999065
0.939527988434 0.335222989321 0.0700950026512
-0.20228099823 0.246574997902 -0.947777986526
0.377831995487 0.77581602335 -0.50532501936
0.264245986938 0.573230981827 -0.775615990162
0.130873993039 0.589258015156 -0.797275006771
0.380201995373 0.708096027374 -0.595018029213
0.905111014843 0.352925002575 0.237102001905
0.168367996812 0.765199005604 -0.621387004852
0.882529020309 0.455888986588 0.115356996655
0.828131020069 0.560459017754 0.00923900026828
0.844829022884 0.301824003458 0.441774994135
0.839564025402 0.407653987408 0.359095990658
0.784883975983 0.601505994797 0.148820996284
0.739018023014 0.67292702198 -0.0319700017571
0.698544025421 0.354761004448 0.621433973312
0.618173003197 0.774531006813 -0.134029000998
0.74158602953 0.473096996546 0.475636005402
0.650592029095 0.759388029575 0.00774700008333
0.478332012892 0.846221983433 -0.234749004245
0.253554999828 0.823638021946 -0.507277011871
-0.00811500009149 0.762682974339 -0.646722018719
0.513127028942 0.857734024525 -0.0315259993076
0.66290897131 0.688252985477 0.294719994068
0.234474003315 0.925274014473 -0.29814401269
0.552299976349 0.445746988058 0.704466998577
0.553658008575 0.828013002872 0.0886389985681
0.352562010288 0.934958994389 -0.0393990017474
0.646281003952 0.362069994211 0.67173397541
0.515965998173 0.431522011757 0.739978015423
0.450132012367 0.518231987953 0.727198004723
0.573356986046 0.542007029057 0.614403009415
0.432033002377 0.39011400938 0.813117027283
0.282007992268 0.52400302887 0.80367398262
0.232144996524 0.43779399991 0.868587970734
0.359389007092 0.513450980186 0.779235005379
0.533487975597 0.64295399189 0.549546003342
0.484203994274 0.819006025791 0.307857006788
0.416981995106 0.899254024029 0.132171005011
0.100319996476 0.840035974979 -0.533174991608
0.392563998699 0.685482025146 0.613195002079
0.181521996856 0.444444000721 0.877222001553
0.384090006351 0.805971026421 0.450428009033
0.274888008833 0.489030003548 0.827820003033
0.227567002177 0.581197977066 0.781295001507
0.0591380000114 0.584410011768 0.809301018715
0.38375300169 0.280838996172 0.879694998264
0.259900987148 0.957588970661 0.124399997294
0.354663997889 0.848213970661 0.39337900281
0.160041004419 0.98682397604 -0.0237869992852
0.355120003223 0.687487006187 0.633444011211
0.183266997337 0.360323995352 0.914646983147
0.13387799263 0.932551026344 0.335298001766
0.0111050000414 0.994931995869 0.099932000041
0.130957007408 0.806608974934 0.576395988464
0.130079999566 0.591126024723 0.79602098465
0.48457300663 0.21537899971 0.847820997238
0.354461997747 0.396189004183 0.846988976002
-0.039009001106 0.565823972225 0.823602974415
-0.0111060002819 0.925974011421 0.377424001694
-0.0914589986205 0.562358021736 0.821820020676
0.348233997822 0.109499000013 0.930989980698
0.477890014648 0.274351000786 0.834478020668
0.0557090006769 0.392693012953 0.917981028557
0.0817739963531 0.679343998432 0.729249000549
-0.0142719997093 0.994031012058 -0.108157001436
0.267123013735 0.588132023811 0.763378024101
0.0143689997494 0.756738007069 0.653560996056
0.187603995204 0.46913599968 0.862968981266
-0.0292860008776 0.939320027828 -0.341791003942
0.0822499990463 0.62129598856 0.779246985912
0.217372998595 0.254173994064 0.942413985729
0.106343001127 0.542174994946 0.833509027958
0.01407700032 0.794709980488 -0.606827020645
0.00372599996626 0.672834992409 0.739782989025
0.00664300005883 0.403351008892 0.915021002293
0.0428339987993 0.299282997847 0.953202009201
-0.103419996798 0.514818012714 0.851037979126
-0.125930994749 0.761219978333 0.636148989201
-0.0991349965334 0.844309985638 0.526605010033
-0.128626003861 0.982658982277 0.133551999927
-0.141664996743 0.989512979984 -0.0281990002841
-0.204423993826 0.6212490201 0.756479024887
-0.130021005869 0.413116008043 0.901349008083
0.0265100002289 0.171889007092 0.984759986401
-0.211851000786 0.925202012062 0.314835011959
-0.292728990316 0.806239008904 0.514090001583
-0.162125006318 0.973721981049 -0.159941002727
-0.23449100554 0.970155000687 0.0617569983006
0.0269120000303 0.636557996273 0.770758986473
-0.150053992867 0.167510002851 0.974384009838
-0.231520995498 0.962508022785 -0.141337007284
-0.220411002636 0.929446995258 -0.295884996653
-0.0300650000572 0.601402997971 0.798380017281
-0.107649996877 0.792737007141 -0.599982023239
0.0350460000336 0.684485018253 -0.728183984756
-0.169688001275 0.380190998316 0.909209012985
-0.316884994507 0.926698029041 0.202026993036
-0.345142006874 0.869762003422 0.352692008018
-0.290026009083 0.638314008713 0.71305000782
0.0442299991846 0.854403018951 0.517726004124
-0.287160009146 0.901005983353 0.325156986713
-0.208410993218 0.977075994015 0.0434410013258
-0.0487589985132 0.641095995903 0.765910029411
-0.238951995969 0.926128983498 -0.291869014502
-0.224546000361 0.526260972023 0.820138990879
-0.165542006493 0.879846990108 0.445493996143
-0.143733993173 0.976885020733 -0.158225998282
-0.183540999889 0.893615007401 -0.409590989351
-0.227998003364 0.652939021587 0.722280025482
0.191642999649 0.507650971413 0.83997797966
-0.150024995208 0.760479986668 0.63179397583
-0.0147510003299 0.588819980621 0.808130025864
0.219467997551 0.409895002842 0.885335981846
-0.303838014603 0.766789972782 0.56543302536
0.110563002527 0.28222900629 0.952955007553
0.175494998693 0.140468999743 0.974407970905
-0.555885970592 0.604957997799 0.570102989674
-0.0475189983845 0.095531001687 0.994292020798
0.0110139995813 0.0620759986341 0.998010993004
-0.772167026997 0.326204001904 0.545297026634
0.0733390003443 0.099932000041 0.992287993431
0.385345995426 -0.0968040004373 0.917680978775
-0.55705499649 0.187938004732 0.80893099308
0.413289010525 0.0127440001816 0.910511016846
0.254002004862 -0.0340190008283 0.966605007648
0.257979005575 0.0155039997771 0.966026008129
-0.135095998645 0.0134800001979 0.990741014481
-0.31460699439 0.363321989775 0.87693798542
0.231074005365 0.024924999103 0.972616970539
-0.422517001629 0.459883004427 0.781017005444
-0.262147009373 0.377663999796 0.888059020042
-0.0149579998106 0.320735007524 0.947050988674
-0.124816000462 0.254505991936 0.958981990814
-0.207369998097 0.236217007041 0.949315011501
0.262807995081 0.00641100015491 0.964827001095
-0.148337006569 0.385915011168 0.910529971123
-0.056373000145 0.535933971405 0.842375993729
0.463755995035 -0.141761004925 0.874548017979
0.403362005949 -0.196067005396 0.89378798008
-0.226262003183 0.54864102602 0.804858982563
-0.324654996395 0.546966016293 0.771638989449
0.0322640016675 0.56929397583 0.821501016617
-0.224322006106 0.634929001331 0.739287018776
-0.345436990261 0.695338010788 0.630221009254
-0.0380700007081 0.670055985451 0.741334021091
0.0253139995039 0.650606989861 0.758993029594
-0.282182991505 0.858585000038 0.428023993969
-0.0401300005615 0.801397025585 0.596786022186
0.0904119983315 0.816675007343 0.569971978664
-0.0248140003532 0.895208001137 0.444956988096
0.0965349972248 0.951911985874 0.290764987469
0.383134007454 0.581390976906 0.717769026756
0.0558970011771 0.812638998032 0.580079972744
0.0481490008533 0.944534003735 0.324864000082
0.142113998532 0.989418983459 0.0292230006307
0.671504974365 0.263612985611 0.692524015903
0.242568001151 0.963333010674 0.114674001932
0.0971349999309 0.983503997326 -0.152594000101
0.778248012066 -0.119978003204 0.616389989853
0.264569997787 0.963118970394 -0.0490299984813
0.279314994812 0.959246993065 0.0427620001137
0.830142021179 0.120012000203 0.544483006001
0.611761987209 -0.0329409986734 0.790355980396
0.23254199326 0.914103984833 0.332172006369
0.752744019032 0.392340987921 0.528625011444
0.490931004286 0.830201029778 -0.264108002186
0.255295991898 0.939487993717 -0.228440999985
0.674650013447 0.737883985043 -0.0193760003895
0.75558000803 0.583166003227 0.298355996609
0.791728019714 0.35457700491 0.497435986996
0.551196992397 0.358224987984 0.753562986851
0.765087008476 0.00387799995951 0.643914997578
0.892251014709 0.451514005661 0.00477800006047
0.874042987823 0.419622987509 -0.244879007339
0.638961970806 0.351713001728 0.68412399292
0.806725978851 -0.201829001307 0.555390000343
0.863855004311 0.456826001406 0.212283998728
0.86710101366 0.416936010122 0.272581994534
0.739190995693 0.314164996147 0.595732986927
0.552664995193 -0.729775011539 0.402480006218
0.780107021332 0.534503996372 0.325176000595
0.989206016064 0.138113006949 0.0489469990134
0.508382022381 0.469603985548 0.721817016602
0.555384993553 0.443473011255 0.703477025032
0.848424017429 0.372871994972 0.375690996647
0.618515014648 0.383051007986 0.686083972454
0.803632974625 0.255703002214 0.537392020226
0.710370004177 0.451025009155 -0.540323972702
0.277976989746 0.800014972687 -0.531700015068
0.721634984016 0.00579799991101 0.692249000072
0.383803993464 0.205145001411 0.900339007378
0.460640996695 -0.366333991289 0.808461010456
0.558723986149 0.336970001459 0.757812023163
0.16533100605 -0.914178013802 0.370059996843
0.226549997926 -0.727418005466 0.647718012333
-0.11364299804 -0.264791995287 0.957585990429
0.301081985235 0.256044000387 0.918581008911
-0.0635780021548 -0.881687998772 0.467528998852
-0.137623995543 -0.725807011127 0.673990011215
0.0365570001304 0.0227739997208 0.999072015285
-0.215719997883 -0.843185007572 0.492446988821
0.183719992638 0.32374098897 0.928137004375
0.638589978218 0.267962992191 0.721387028694
-0.53967499733 -0.385434001684 0.748459994793
-0.358345001936 -0.290324985981 0.887299001217
0.707163989544 0.030136000365 0.706408023834
-0.534304976463 -0.778091013432 0.330291986465
0.720724999905 -0.0629590004683 0.690357029438
-0.115538999438 -0.0955099985003 0.98869997263
0.68216997385 -0.182768002152 0.707983016968
0.464955002069 0.363400995731 0.807314991951
0.84000402689 0.104868002236 0.532350003719
0.340110987425 0.50182300806 0.795297980309
-0.464915007353 -0.277601003647 0.840708971024
-0.410804003477 -0.263915985823 0.872690021992
0.827938973904 0.0665550008416 0.556855022907
0.885460019112 -0.11511400342 0.450231999159
0.945757985115 0.0989010035992 0.309451013803
-0.334881007671 -0.385672986507 0.859715998173
0.922263026237 0.245684996247 0.298447012901
0.518301010132 0.484681010246 0.704590976238
0.948509991169 0.161301001906 0.272601991892
0.129446998239 0.732177972794 0.668699979782
0.0710870027542 0.606755971909 0.791702985764
0.949900984764 0.0395959988236 0.310032993555
0.913088023663 0.0308359991759 0.406596004963
-0.420976996422 0.261819988489 0.868462979794
-0.306147992611 0.573520004749 0.759835004807
-0.286190986633 -0.590431988239 0.754642009735
-0.362630993128 -0.168642997742 0.916547000408
-0.587419986725 -0.0473399981856 0.807896971703
-0.720830976963 0.173105999827 0.67114597559
-0.134657993913 0.743683993816 0.654829978943
-0.590965986252 0.469000995159 0.656351983547
-0.618346989155 -0.500086009502 0.606266975403
-0.717101991177 -0.0339340008795 0.696142017841
-0.824531972408 0.244391992688 0.510312974453
-0.804247975349 0.399172008038 0.440279990435
-0.560123980045 0.587514996529 0.584026992321
-0.396254986525 0.72380399704 0.564881026745
-0.359144985676 -0.857227981091 0.369017988443
-0.644236028194 0.609565973282 0.461941003799
-0.20735900104 0.881272017956 0.42469099164
0.151584997773 0.856930017471 0.492639005184
0.39765098691 0.846893012524 0.35305300355
-0.499361991882 0.774850010872 0.387614995241
-0.0441659986973 0.926737010479 0.373104989529
-0.6078799963 -0.753883004189 0.249284997582
-0.886066019535 -0.378003001213 0.268330007792
-0.378836989403 -0.922692000866 0.071572996676
0.0345739983022 0.983905017376 0.175314992666
-0.129697993398 0.973887979984 0.186333999038
-0.617388010025 -0.778099000454 -0.115731999278
-0.90754699707 0.0896729975939 0.410263985395
-0.301577985287 0.92938798666 0.212812006474
-0.845094025135 0.405032992363 0.348948001862
-0.910199999809 0.331972002983 0.247649997473
-0.942779004574 0.281064003706 0.17936399579
-0.999504983425 0.00872899964452 0.0302210003138
-0.945504009724 0.273400008678 0.176844000816
-0.962486028671 0.214803993702 0.165773004293
-0.935561001301 -0.329299002886 -0.127624005079
-0.973515987396 0.217987000942 0.068911999464
-0.53741902113 0.821901977062 0.188831999898
-0.979580998421 0.0558179989457 0.193148002028
-0.96265399456 0.263498008251 0.0621730014682
-0.991823971272 -0.0919710025191 0.088467001915
-0.758453011513 -0.646568000317 0.0818419978023
-0.530785024166 -0.847139000893 -0.0249480009079
-0.372821986675 0.926877975464 0.0435900017619
-0.210591003299 0.977494001389 0.0125569999218
-0.987263023853 0.11902499944 0.10557000339
-0.72243899107 -0.615426003933 0.315169006586
-0.782648026943 0.582005977631 -0.220752999187
-0.930393993855 -0.307713001966 0.199200004339
-0.0672589987516 0.997605979443 -0.0160889998078
-0.353897988796 0.925559997559 -0.134518995881
-0.965891003609 -0.202785998583 0.161033004522
-0.985587000847 -0.109535001218 0.128916993737
-0.2172549963 0.968466997147 -0.121950000525
-0.733653008938 -0.654102027416 0.184128001332
-0.988712012768 -0.125311002135 0.0821290016174
-0.769524991512 -0.615288972855 0.171029999852
-0.871289014816 -0.0701259970665 0.485733985901
-0.819842994213 -0.563233971596 -0.103073999286
-0.976411998272 -0.0352759994566 -0.213014006615
-0.986559987068 -0.092243000865 -0.134871006012
-0.928369998932 0.371609985828 -0.00589600019157
-0.958984971046 0.28344398737 -0.00261499988846
-0.981091022491 -0.178654000163 0.0744580030441
-0.955567002296 -0.125680997968 -0.266636997461
-0.971771001816 0.15035200119 -0.181811004877
-0.653972029686 0.128301993012 0.745559990406
-0.935298025608 -0.105238996446 -0.337850004435
-0.862661004066 -0.102057002485 -0.495380014181
-0.852461993694 -0.14043700695 -0.503573000431
-0.924040019512 0.248068004847 -0.29088100791
-0.914812028408 0.299488008022 -0.270972013474
-0.924584984779 0.0298679992557 -0.379803001881
-0.854125976562 0.0663100033998 -0.515821993351
-0.758587002754 0.198425993323 -0.620622992516
-0.570381999016 0.719847023487 -0.39558199048
-0.9095479846 -0.137343004346 -0.392248988152
-0.890842020512 0.0607179999352 -0.450237989426
-0.862551987171 0.303115993738 -0.4051220119
-0.450607001781 0.868037998676 -0.20847800374
-0.719938993454 0.454712986946 -0.524331986904
-0.823018014431 0.167271003127 -0.542827010155
-0.76750600338 0.372074991465 -0.522010028362
-0.816657006741 0.0985789969563 -0.568642020226
-0.963949024677 0.161979004741 0.211106002331
-0.817258000374 0.293496012688 0.495932996273
-0.700451016426 0.122881002724 0.70304197073
-0.840608000755 0.161607995629 -0.516973018646
-0.822649002075 0.23418200016 -0.518081009388
-0.740647017956 0.00330400001258 0.671886026859
-0.599600970745 0.195726007223 -0.775996029377
-0.713249981403 -0.129899993539 -0.688767015934
-0.598119020462 0.199135005474 -0.776273012161
-0.829648971558 -0.00855300016701 0.558220028877
-0.661521971226 0.128914996982 -0.738762021065
-0.892156004906 0.133349999785 -0.431596010923
-0.76283198595 0.633695006371 -0.128523007035
-0.474860996008 0.0592259988189 -0.878064990044
-0.858318984509 -0.175260007381 0.482257992029
-0.392585992813 0.0901089981198 -0.915291011333
-0.451092988253 0.888822972775 0.0806780010462
-0.752406001091 -0.462020993233 -0.469491004944
-0.869271993637 0.460480004549 0.179793000221
-0.0031500000041 0.999702990055 0.0241470001638
-0.930873990059 0.317258000374 0.181163996458
-0.957453012466 0.0606039986014 0.282153993845
-0.886135995388 -0.296743005514 0.355958014727
-0.352167010307 0.860491991043 0.368146985769
-0.995513021946 -0.0730820000172 -0.0601029992104
-0.922783970833 -0.246334001422 -0.296294003725
0.027276000008 0.998310029507 -0.0513239987195
-0.949486017227 0.289912998676 -0.120108999312
-0.999509990215 0.0215659998357 -0.0226719994098
-0.924237012863 0.264708995819 -0.275162994862
0.151805996895 0.985180020332 0.0798410028219
-0.954788982868 0.0549549981952 -0.292160987854
-0.999669015408 0.00427700020373 -0.025358999148
-0.977765977383 -0.177635997534 0.111443996429
0.54538500309 0.826332986355 0.14046099782
-0.969618976116 0.0328570008278 -0.242402002215
-0.979916989803 -0.182623997331 -0.0800639986992
-0.913148999214 -0.377815008163 0.153017997742
-0.886991024017 -0.371766000986 0.273927986622
0.837109029293 0.477059006691 0.26769900322
0.128628998995 0.987618029118 0.0898030027747
-0.936924993992 0.0182879995555 -0.349052011967
0.481997013092 0.816222012043 0.31852799654
0.706831991673 0.266905009747 0.655094981194
-0.928409993649 0.047389999032 -0.368521988392
-0.944716989994 0.056288998574 -0.323018014431
-0.847342014313 0.210712000728 -0.487455010414
-0.240803003311 0.970570981503 0.00238800002262
-0.242648005486 0.877322018147 0.414038985968
0.226495996118 0.609102010727 0.760061979294
-0.883671998978 -0.229710996151 -0.407867997885
-0.907296001911 -0.396232992411 -0.140755996108
-0.944687008858 -0.327843010426 0.00925500039011
-0.226875007153 0.901058971882 -0.369621992111
-0.930364012718 -0.339603990316 0.138171002269
-0.918356001377 -0.337350994349 -0.206922993064
0.618512988091 0.0800999999046 0.781682014465
0.48637598753 0.185534998775 0.853824019432
-0.0102899996564 0.565496981144 0.82468599081
-0.666395008564 0.712418019772 -0.219950005412
0.825209975243 -0.272578001022 0.494702011347
-0.803093016148 -0.0060470001772 -0.595822989941
-0.75828397274 0.166225001216 -0.63037699461
-0.620473980904 0.757942020893 0.201333001256
-0.402653008699 0.780223011971 0.478666990995
0.0310249999166 0.536673009396 0.843219995499
-0.754305005074 -0.22437299788 -0.616993010044
-0.711723983288 0.688814997673 -0.137778997421
-0.706071972847 0.0748530030251 -0.704173028469
-0.813820004463 -0.335922002792 -0.474186986685
0.529372990131 0.115671999753 0.840466976166
0.109412997961 0.608466029167 0.78600102663
-0.78474599123 -0.229105994105 -0.575919985771
-0.724862992764 -0.367913991213 -0.582419991493
-0.551483988762 0.224838003516 -0.803313970566
-0.592391014099 -0.188403993845 -0.783312022686
-0.644698023796 0.270570993423 -0.714950978756
0.421245008707 0.409056007862 0.809459984303
0.688477993011 -0.0124970003963 0.725149989128
0.489730000496 -0.0431730002165 0.870805025101
0.730615973473 -0.149369999766 0.666249990463
0.828356981277 -0.560198009014 0.00153100001626
-0.694667994976 -0.565187990665 -0.444970995188
-0.847679972649 -0.412007987499 -0.33419701457
0.643679976463 -0.519060015678 0.562363028526
-0.448850989342 0.853240013123 0.265545994043
-0.610646009445 0.791803002357 0.0126790003851
-0.72394400835 0.391312003136 -0.56813699007
0.594799995422 -0.633379995823 0.495018005371
-0.296703010798 0.896597027779 0.328756004572
-0.600724995136 0.752403020859 -0.270220011473
-0.666836977005 0.522328972816 -0.531508028507
0.611877024174 0.25872901082 0.747439980507
0.326893001795 0.340297013521 0.881667971611
0.511377990246 -0.406621009111 0.757067978382
0.271963000298 0.665264010429 0.695312976837
0.7205529809 -0.0809750035405 0.688655972481
-0.670732021332 0.64516299963 -0.365898996592
-0.595952987671 0.416676014662 -0.686455011368
-0.632269978523 0.24465200305 -0.735105991364
0.737241983414 -0.162487998605 0.655798017979
-0.302832007408 0.930261015892 0.20714199543
0.428330987692 0.468766003847 0.772521972656
0.322658985853 0.611950993538 0.722084999084
0.582064986229 0.141900002956 0.800665020943
0.580950975418 -0.455163985491 0.674775004387
0.53681999445 -0.769500017166 0.345970004797
0.208320006728 0.770144999027 0.602892994881
0.450334995985 -0.888575971127 -0.0873550027609
0.599501013756 0.17174500227 0.781729996204
0.744449973106 0.00939599983394 0.667612016201
0.512763977051 0.713266015053 0.477831989527
-0.563902974129 0.744861006737 -0.356644004583
0.467743992805 0.400622993708 0.78785598278
0.663599014282 0.194089993834 0.722472012043
0.456174999475 0.521793007851 0.720857977867
0.455509990454 -0.888625025749 0.0534409992397
0.395615011454 0.562079012394 0.72633099556
0.60335701704 0.392821997404 0.694010972977
0.799857974052 0.255786985159 0.542954981327
0.481420993805 -0.84544801712 0.231195002794
0.312633991241 -0.900821983814 -0.301297008991
0.53059899807 -0.843324005604 0.0852669999003
0.775355994701 -0.490438014269 0.397861987352
0.851082026958 -0.0673179998994 0.5206990242
0.243733003736 0.945163011551 -0.217397004366
0.825909972191 0.538327991962 0.167556002736
0.344812005758 -0.86794501543 -0.357457995415
0.935416996479 0.095912002027 0.340288996696
-0.625685989857 0.468140006065 -0.623988986015
0.12448900193 -0.821771979332 -0.556052029133
0.470093011856 -0.743357002735 -0.475849986076
0.961866021156 -0.0497669987381 -0.26895698905
-0.266606986523 0.480594009161 -0.835434019566
-0.670237004757 0.219154000282 -0.709051012993
0.340665996075 0.189147993922 -0.920961022377
0.478487998247 -0.60657697916 -0.634912014008
-0.549769997597 -0.150489002466 -0.821648001671
-0.0686590000987 -0.487571001053 -0.8703789711
-0.110421001911 -0.729098975658 -0.675442993641
0.10909999907 -0.748382985592 -0.654232978821
-0.54927700758 -0.159657001495 -0.820246994495
-0.48421099782 -0.390643000603 -0.782903015614
-0.339953988791 -0.590551972389 -0.731900990009
-0.515410006046 0.0768169984221 -0.853493988514
-0.0156929995865 -0.648474991322 -0.761074006557
-0.371863007545 -0.309612005949 -0.875132977962
-0.220183998346 -0.550737023354 -0.805113017559
-0.538474023342 0.202766999602 -0.8178820014
-0.399845987558 -0.0527219995856 -0.91506499052
-0.18528200686 -0.389564007521 -0.90217000246
-0.0596209987998 -0.530964016914 -0.845295011997
-0.356177985668 -0.152283996344 -0.921926021576
-0.548309028149 0.047485999763 -0.834927022457
-0.110586002469 -0.560141980648 -0.82098197937
-0.23105700314 -0.394697993994 -0.889284014702
-0.439886003733 -0.218015998602 -0.871188998222
-0.57779198885 0.251964986324 -0.776318013668
-0.382883995771 -0.224019005895 -0.896223008633
0.13425399363 -0.219606995583 -0.966306984425
0.878331005573 0.164801001549 -0.448749005795
-0.125541999936 0.093372002244 -0.987685024738
0.224718004465 0.708383977413 -0.669098973274
0.349004000425 0.928285002708 -0.128385007381
0.361173003912 0.312388002872 -0.878616988659
0.626381993294 0.332316994667 -0.705132007599
0.253426998854 0.898123979568 0.359371989965
0.680948019028 0.718173980713 0.143303006887
0.840110003948 0.500482022762 -0.209123000503
0.599918007851 0.170561000705 -0.781669974327
0.60191398859 0.345299988985 -0.72004699707
0.673532009125 0.276356995106 -0.685552000999
0.509306013584 0.415562003851 -0.753602027893
0.616822004318 0.248005002737 -0.747009992599
0.424834012985 0.350445985794 -0.834686994553
0.397899985313 0.180913999677 -0.899414002895
0.971745014191 0.0854730010033 -0.22001299262
0.907670974731 0.366751998663 0.204027995467
0.325744003057 -0.197154000401 -0.924673974514
0.297405987978 0.203161999583 -0.932884991169
0.0591030009091 0.636557996273 -0.768961012363
0.715789020061 -0.499823987484 -0.487670004368
0.99152302742 0.0720990002155 0.108093999326
0.124158002436 0.0869920030236 -0.988442003727
0.856962025166 0.452780991793 0.246181994677
0.958016991615 -0.274744987488 -0.0819699987769
0.565912008286 0.71889102459 0.403656989336
-0.262430012226 0.855036020279 0.447263002396
0.0601660013199 0.866109013557 -0.496221005917
0.167214006186 0.88998901844 0.424216002226
-0.0371199995279 0.318206995726 -0.947293996811
-0.747945010662 0.575318992138 0.331039011478
0.474949002266 0.831390023232 0.288468003273
-0.091673001647 0.930974006653 0.353390008211
0.70622497797 0.635496973991 0.312072008848
-0.483354002237 0.791620016098 0.373773992062
0.729263007641 0.657243013382 0.190282002091
0.977667987347 0.198651000857 0.0685729980469
0.990446984768 -0.126774996519 -0.0542469993234
0.725588023663 -0.65334802866 -0.21600599587
0.873359024525 0.464884012938 0.145352005959
0.622484028339 0.747512996197 0.231812000275
0.348087996244 -0.884899973869 -0.309493988752
0.880164980888 -0.443911999464 -0.168084993958
0.998175024986 0.0562230013311 -0.0220340006053
0.37411698699 0.87220197916 0.315118014812
-0.57221698761 0.736240029335 0.361274003983
0.949104011059 -0.27425301075 -0.154879003763
0.474178999662 -0.845695972443 -0.244850993156
-0.115091003478 0.917436003685 0.38087400794
0.737541973591 0.57915699482 0.347288012505
0.976145982742 0.184973999858 0.113682001829
0.822808027267 -0.533303022385 -0.196403995156
0.953745007515 -0.291393995285 -0.0738850012422
0.0148320002481 0.879790008068 0.475131988525
0.497390985489 0.742591023445 0.448509991169
-0.0489280000329 -0.873372972012 -0.484589010477
0.533128976822 -0.817454993725 -0.218037992716
0.664723992348 -0.718523979187 -0.204609006643
0.567744016647 0.788034975529 0.238050997257
0.184934005141 0.943301022053 0.275647997856
-0.19419400394 -0.925415992737 -0.325414001942
0.376709014177 -0.809445977211 -0.450430005789
0.953841984272 0.201508998871 0.222663998604
0.987223029137 -0.14740100503 0.0605329982936
0.809490978718 0.537010014057 -0.237370997667
-0.0501880012453 0.825519025326 -0.562138020992
-0.159040004015 0.946907997131 0.279413998127
-0.682551980019 0.711790978909 0.165758997202
0.720764994621 -0.588724970818 -0.36592400074
0.951874017715 -0.129370003939 -0.277848005295
-0.709939002991 0.373564004898 -0.597024023533
-0.982528984547 0.168384000659 0.0792659968138
0.572178006172 -0.46689298749 -0.674257993698
-0.467372000217 -0.424847006798 -0.775286018848
-0.480084002018 0.00326699996367 -0.877216994762
0.340609014034 0.0210670009255 -0.939969003201
-0.246295005083 -0.216520994902 -0.94470000267
-0.881246984005 -0.117854997516 -0.457726985216
-0.789379000664 -0.377099990845 -0.484434008598
-0.833810985088 -0.098517999053 -0.543187975883
-0.707635998726 -0.331281006336 -0.624103009701
-0.566047012806 -0.517201006413 -0.641946017742
-0.947902023792 -0.0273870006204 -0.317382007837
-0.663753986359 -0.589847028255 -0.459903985262
-0.876325011253 -0.268231987953 -0.400132000446
-0.73133701086 -0.428243011236 -0.530806005001
-0.673169970512 -0.554063975811 -0.489751011133
-0.974555015564 -0.022804999724 -0.222985997796
-0.806275010109 -0.527593016624 -0.267518013716
-0.993164002895 -0.116720996797 -0.00138399994466
-0.670373976231 -0.623842000961 -0.401769995689
-0.966838002205 -0.0688809975982 -0.245924994349
-0.926195025444 -0.272720992565 -0.260358005762
-0.700273990631 -0.638113021851 -0.320044010878
-0.985997021198 0.102408997715 0.131615996361
-0.984755992889 0.0795169994235 -0.154700994492
-0.881173014641 -0.390884995461 -0.265973985195
-0.85728597641 -0.484542995691 -0.174008995295
-0.988237977028 -0.129141002893 -0.0818990021944
-0.965131998062 -0.201783999801 -0.166741997004
-0.952399015427 0.291148990393 -0.0903830006719
-0.97860199213 -0.102039001882 -0.178676992655
-0.527674019337 -0.832361996174 -0.16951200366
-0.975606024265 -0.196621999145 -0.0976350009441
-0.0526309981942 -0.971071004868 -0.232920005918
-0.558663010597 -0.79362398386 -0.240950003266
-0.927370011806 -0.305016994476 -0.216681003571
-0.778466999531 -0.111897997558 -0.617631018162
-0.573596000671 -0.384272992611 -0.723410010338
-0.097570002079 -0.0915340036154 -0.991010010242
-0.139391005039 0.049006998539 -0.989023983479
-0.378255009651 0.0539599992335 -0.924127995968
-0.0900340005755 -0.0573670007288 -0.99428498745
-0.373771995306 -0.167481005192 -0.912275016308
-0.561860978603 -0.417980998755 -0.713865995407
-0.341798007488 0.0258620008826 -0.939418017864
-0.254429012537 0.235133007169 -0.938072025776
-0.555738985538 -0.112213000655 -0.823749005795
-0.739144027233 -0.0862810015678 -0.667998015881
-0.54848998785 0.367229014635 -0.751200020313
-0.414288014174 0.426052987576 -0.804266989231
-0.878435015678 -0.0262809991837 -0.477138996124
-0.74274200201 0.3551889956 -0.567605018616
-0.441246002913 0.305032998323 -0.84395301342
-0.293271005154 0.59219700098 -0.750530004501
-0.294007003307 0.166113004088 -0.941258013248
-0.449146002531 0.29823499918 -0.842212975025
-0.121508002281 0.698884010315 -0.704838991165
-0.348468005657 0.140748992562 -0.926693022251
-0.492152988911 0.341158002615 -0.800872027874
-0.445203006268 0.379709005356 -0.810935020447
-0.361815989017 0.322984009981 -0.874512016773
-0.247758999467 0.41668099165 -0.874638974667
-0.0875869989395 0.506685972214 -0.857670009136
0.202830001712 0.652876019478 -0.729803979397
-0.343869000673 0.145111992955 -0.927736997604
-0.0803930014372 0.253719002008 -0.963931024075
0.0119529999793 0.46835398674 -0.883459985256
0.349191009998 0.804149985313 -0.481049001217
-0.0229579992592 0.386465996504 -0.922017991543
-0.03849099949 0.416368991137 -0.908379971981
0.0859270021319 0.525699019432 -0.846319973469
-0.360462009907 0.0937749966979 -0.928048014641
-0.0226119998842 0.398972004652 -0.916683971882
-0.373441010714 0.152443006635 -0.915042996407
0.199906006455 0.695463001728 -0.690195024014
0.0589810013771 0.564584970474 -0.823265016079
-0.265197992325 0.161036998034 -0.950650990009
0.259602993727 0.914216995239 -0.311149001122
0.152838006616 0.829142987728 -0.537738978863
-0.305716007948 -0.0445160008967 -0.951081991196
-0.311901986599 0.122622996569 -0.94216799736
-0.0831179991364 0.900945007801 -0.425897985697
-0.0232330001891 0.725872993469 -0.687435984612
-0.330339998007 -0.0403899997473 -0.94299697876
-0.0271140001714 0.771883010864 -0.63518601656
-0.0878719985485 0.593957006931 -0.799682974815
-0.58530497551 -0.507219970226 -0.632570981979
-0.438127011061 -0.666480004787 -0.603199005127
-0.164985999465 0.753239989281 -0.636717021465
-0.103619001806 0.706475973129 -0.700110971928
-0.82062202692 -0.458038002253 -0.341733008623
-0.106409996748 0.715049982071 -0.690927028656
-0.797075986862 -0.599781990051 -0.070233002305
-0.862902998924 -0.50104701519 -0.0659570023417
-0.0768150016665 0.642045974731 -0.762808978558
-0.0574709996581 0.642910003662 -0.763782024384
-0.0278580002487 0.602991998196 -0.79726099968
-0.80225199461 -0.593529999256 0.0641409978271
-0.820372998714 -0.561841011047 0.106412000954
-0.836612999439 -0.524520993233 0.157976001501
-0.783156991005 -0.559032976627 0.27229899168
-0.798458993435 -0.547479987144 0.25045800209
-0.0655660033226 0.607779979706 -0.791393995285
-0.138721004128 0.482118010521 -0.865054011345
0.0251429993659 0.364825993776 -0.930736005306
-0.82344597578 -0.394351989031 0.407949000597
-0.715951025486 -0.545746028423 0.435404002666
-0.0361859984696 0.309426993132 -0.950235009193
-0.621223986149 -0.501406013966 0.602222979069
-0.637646019459 -0.468030005693 0.611846029758
-0.654210984707 -0.349532008171 0.67069798708
-0.118221998215 0.242335006595 -0.962962985039
-0.496735006571 -0.371915996075 0.784175992012
-0.148567005992 0.193965002894 -0.969694018364
0.0155269997194 0.251763999462 -0.967664003372
0.0604370012879 0.423694014549 -0.903787016869
-0.0416380017996 0.713985025883 -0.698921978474
0.193561002612 0.274762004614 -0.941828012466
-0.01823999919 0.483464002609 -0.875173985958
0.129401996732 0.231821000576 -0.964112997055
0.0312569998205 0.197341993451 -0.979835987091
0.00324200000614 0.583920001984 -0.811803996563