25.1445999146 -75.5616989136 38.1992988586
21.660200119 -75.2463989258 38.8260002136
23.5645008087 -75.4820022583 39.4249992371
17.1975002289 -75.3980026245 41.6380004883
6.33514976501 -75.5195007324 48.8391990662
15.2489995956 -75.1560974121 41.03099823
13.4970998764 -75.3891983032 42.6394996643
11.5885000229 -75.1449966431 42.0550003052
5.56228017807 -75.2633972168 44.4724006653
1.67698001862 -75.3595962524 45.3633003235
32.4784011841 -75.3212966919 42.7182998657
-10.1844997406 -75.2098999023 53.8185005188
-1.77710998058 -75.3647003174 46.6702003479
-6.76370000839 -75.320098877 45.3981018066
-12.4232997894 -75.4647979736 44.4017982483
35.9590988159 -75.1147994995 34.9920005798
19.9270000458 -74.512298584 47.6306991577
0.466049998999 -74.4352035522 53.1887016296
8.5188999176 -73.8575973511 50.7742996216
-22.6574001312 -75.557800293 41.146900177
-12.9735002518 -75.6640014648 42.65599823
-15.013999939 -75.6131973267 42.2387008667
-18.2134990692 -75.6930007935 36.2408981323
-3.51301002502 -73.9125976562 55.1259002686
0.754723012447 -66.8373031616 53.3769989014
17.1905002594 -68.4349975586 47.964099884
31.7901000977 -73.9241027832 45.5564994812
-11.0404996872 -72.8630981445 55.9856987
-5.70067977905 -67.8843994141 55.5862007141
24.7597007751 -69.2680969238 46.9817008972
38.7410011292 -72.4260025024 40.125
-15.1753997803 -74.1426010132 52.3274002075
-10.2622003555 -68.7919006348 55.4329986572
-4.82223987579 -63.507598877 54.0527992249
-13.4881000519 -69.1584014893 53.467300415
10.0173997879 -63.9794998169 48.7470016479
23.1389007568 -66.4751968384 47.0367012024
-6.96661996841 -61.9094009399 51.7262001038
3.75643992424 -62.4734992981 49.2725982666
-16.6506004333 -68.5389022827 51.8454017639
28.2255001068 -65.3287963867 46.0164985657
34.6143989563 -67.2264022827 45.7625007629
37.6819992065 -71.06590271 42.9602012634
-2.92340993881 -59.8441009521 47.5472984314
-10.0395002365 -61.8708992004 50.8121986389
-22.402299881 -74.1216964722 44.1259002686
40.893699646 -66.8365020752 41.5545005798
22.5879993439 -63.172000885 51.4584007263
-6.34777021408 -58.5275001526 44.3370018005
-18.125 -66.5774002075 47.9100990295
39.104598999 -61.6986999512 41.7961997986
43.7501983643 -65.367401123 38.7139015198
33.6775016785 -62.3762016296 44.4906997681
25.701499939 -59.6402015686 52.7849998474
17.9783992767 -60.0798988342 53.6755981445
15.9786996841 -59.0069999695 55.173500061
0.459856987 -56.1710014343 52.0337982178
41.3912010193 -71.4822006226 34.0102005005
3.61166000366 -59.0318984985 51.7102012634
-0.586404025555 -47.7776985168 53.7243003845
21.5729007721 -58.1523017883 55.0119018555
15.7779998779 -56.7657012939 56.5994987488
4.67171001434 -55.7914009094 52.7279014587
-10.6157999039 -59.6870002747 45.5910987854
18.5111999512 -55.1734008789 55.3228988647
10.3549003601 -54.785900116 55.0652008057
24.1875991821 -52.2909011841 54.6885986328
17.6236991882 -51.9635009766 56.2392997742
-15.2298002243 -60.9235992432 43.9858016968
-10.723400116 -56.9826011658 37.9919013977
-6.93929004669 -47.5260009766 44.0918006897
-15.407500267 -58.5745010376 38.9275016785
-19.3687992096 -63.6491012573 42.0504989624
-22.2120990753 -68.2277984619 43.0853996277
3.87093997002 -48.2043991089 56.3134994507
1.64652001858 -47.0614013672 55.020198822
-2.85108995438 -42.8805999756 53.71849823
-21.9144992828 -62.0591011047 41.3818016052
-13.2095003128 -54.059299469 38.0199012756
-10.9483995438 -46.3616981506 39.129901886
9.22756004333 -49.279800415 57.8936004639
13.5389003754 -51.2519989014 55.284198761
-21.5443000793 -57.1721992493 40.7629013062
-17.1364994049 -52.0491981506 40.1360015869
8.62520027161 -41.7759017944 57.3334007263
12.9495000839 -46.9333000183 57.7737998962
15.226099968 -47.7523002625 58.3544998169
-25.5289001465 -67.5530014038 44.4514007568
20.3181991577 -48.034198761 58.4832000732
-5.35014009476 -37.2416000366 53.0480003357
-11.2159996033 -38.0628013611 42.1166000366
-13.5074996948 -39.2790985107 41.1545982361
-2.24326992035 -33.5323982239 56.8293991089
-22.3222007751 -50.6898994446 42.3030014038
-26.0813999176 -58.4649009705 40.645401001
-19.5109996796 -46.629901886 42.9752006531
-11.2821998596 -30.1294994354 48.403301239
-13.8453998566 -31.5191001892 42.6030006409
-7.7851099968 -30.5566005707 55.6211013794
-18.4965000153 -36.2456016541 43.6114006042
-27.2350997925 -62.6162986755 41.698600769
-30.5552005768 -73.5726013184 47.2117004395
-13.1829996109 -23.7721004486 45.3532981873
-19.9393005371 -33.7355995178 43.6554985046
-26.6296005249 -40.4197006226 43.3843002319
-26.2488994598 -43.912399292 42.6696014404
-31.5394992828 -75.2333984375 45.7500991821
-30.6585998535 -66.7680969238 45.1417999268
-1.72020995617 -27.4006004333 59.6036987305
-37.6086997986 -74.2766036987 48.3241004944
-42.6972007751 -75.5929031372 45.9595985413
-36.6371994019 -70.5338973999 48.8802986145
-6.79232978821 -25.398399353 56.8428001404
1.15038001537 -33.8972015381 57.7550010681
-42.2391014099 -72.3386001587 48.2170982361
-35.9892997742 -65.7962036133 46.4090003967
-32.5 -63.456199646 42.3116989136
3.76206994057 -42.358001709 55.3844985962
-40.410900116 -68.3890991211 47.7486000061
-39.876499176 -64.026802063 44.893699646
-34.3269996643 -60.8897018433 38.7874984741
-31.6884002686 -58.8198013306 38.5956993103
-44.6352005005 -65.9449996948 43.6711997986
-29.5855007172 -55.2411003113 39.3666000366
5.05636978149 -37.6290016174 57.573600769
2.12304997444 -28.2574005127 58.5168991089
7.21112012863 -30.6107997894 59.8172988892
1.76486003399 -17.962600708 57.6557998657
-47.0441017151 -73.6393966675 44.1618995667
-28.9741001129 -75.6219024658 32.9388008118
9.86419963837 -32.1278991699 59.4538002014
12.5721998215 -36.2605018616 60.9481010437
14.5364999771 -41.2591018677 58.234500885
9.01519966125 -18.8805999756 58.3931999207
-42.2687988281 -62.5489006042 39.8443984985
-37.8154983521 -61.0620002747 38.2002983093
19.1242008209 -40.4511985779 57.4444999695
-46.0027008057 -65.0509033203 39.7050018311
-44.9397010803 -63.8647994995 35.4230995178
-37.8148994446 -61.3027000427 31.5013999939
-35.6086006165 -59.0465011597 31.6306991577
-49.7401008606 -71.5678024292 37.8628997803
-47.6848983765 -66.4414978027 35.2349014282
-46.3960990906 -66.2640991211 30.5314006805
-33.8510017395 -56.5479011536 34.1484985352
-49.3665008545 -74.4085998535 39.8123016357
25.8726997375 -46.6291999817 56.7361984253
-50.3437995911 -73.2776031494 32.876499176
-46.7039985657 -75.6952972412 40.8787994385
-43.2934989929 -67.4012985229 25.8927993774
-49.3748016357 -75.4279022217 33.1082000732
-48.0850982666 -69.8050994873 28.4246006012
-36.6285018921 -62.7958984375 26.1667995453
-35.8824005127 -75.8378982544 29.2336997986
-47.6053009033 -74.9548034668 25.3201999664
-41.631401062 -69.9029998779 21.310300827
-43.9007987976 -76.1585006714 20.9174995422
-44.9225006104 -71.43800354 25.2539997101
-45.3535003662 -74.257598877 20.98279953
-39.9383010864 -76.0302963257 28.3176994324
-35.4654998779 -59.2963981628 25.8307991028
-35.4934005737 -54.945400238 27.2129993439
28.0874996185 -48.4911003113 53.5755996704
-37.175201416 -76.842300415 17.3686008453
-33.465801239 -63.2249984741 18.7765007019
-36.8302001953 -66.7655029297 20.7077007294
28.1699008942 -54.7326011658 54.0704994202
-36.1119003296 -76.7314987183 22.539100647
-36.9944992065 -77.1669998169 19.4880008698
-36.1458015442 -76.4204025269 26.4902000427
-28.6667003632 -76.3282012939 29.3500003815
-26.9974994659 -76.3209991455 27.9270000458
-23.8997993469 -76.2546005249 28.5491008759
32.4472999573 -57.9468002319 48.6879997253
32.3935012817 -53.0231018066 50.7531013489
-17.3964004517 -76.1158981323 26.5478992462
-21.4395008087 -74.7249984741 25.9179992676
-19.3488006592 -75.0243988037 24.1030006409
37.1192016602 -57.2458992004 47.7939987183
37.3532981873 -52.751499176 50.1768989563
34.0364990234 -49.0275001526 50.7681999207
-16.5648994446 -75.0728988647 31.7842006683
-14.8130998611 -72.1468963623 33.6049995422
41.1043014526 -58.1862983704 42.4212989807
-17.1375007629 -76.5206985474 14.8958997726
-19.074300766 -74.7524032593 19.3791999817
-18.9305000305 -74.0061035156 16.198299408
-21.654499054 -74.5019989014 12.0024995804
-13.086400032 -76.0475006104 17.9734992981
-14.0228996277 -76.0575027466 12.5225000381
-12.0214996338 -74.7570037842 18.8869991302
-15.5006999969 -76.3899002075 12.1617002487
-9.70788955688 -72.3664016724 17.2301006317
-20.8556995392 -76.5006027222 10.3622999191
-18.390499115 -76.4289016724 6.45115995407
-20.4747009277 -76.5210037231 6.10647010803
-27.2175006866 -74.1744003296 9.96267032623
-21.4230995178 -76.5076980591 3.9301199913
-11.6204996109 -72.3598022461 24.5965003967
-12.2767000198 -71.6074981689 37.543598175
-9.2940196991 -71.1732025146 39.3343009949
-29.8535995483 -76.6781997681 6.78907012939
-30.2635002136 -74.6050033569 9.61699962616
-4.02756977081 -70.9574966431 40.4869003296
-33.962600708 -75.176902771 12.0683002472
-3.67779994011 -71.9623031616 10.4221000671
-10.9851999283 -72.1465988159 9.34832000732
-0.0428250990808 -71.5030975342 33.1323013306
1.69070994854 -70.6792984009 41.3633995056
7.26832008362 -70.7170028687 39.061000824
-37.6484985352 -76.6766967773 11.4540996552
-35.9309997559 -76.6234970093 14.2455997467
-27.6835002899 -76.4988021851 -0.307574987411
-24.4713001251 -75.9775009155 -1.72335994244
-25.015499115 -76.1455993652 -4.08711004257
14.6707000732 -70.8513031006 36.8088989258
12.8733997345 -70.6712036133 38.404800415
0.794178009033 -71.9415969849 16.7779006958
-14.5916996002 -71.7232971191 -3.08027005196
-15.4730997086 -71.8856964111 0.96972900629
-17.3465995789 -71.8681030273 0.699626028538
-18.2182006836 -71.8190994263 -1.43173003197
-10.3127002716 -71.8217010498 -6.67983007431
6.25315999985 -71.8152008057 24.0321998596
-43.8031997681 -76.6440963745 5.70112991333
-15.5888996124 -71.4244995117 -14.2812004089
5.30603981018 -71.5869979858 2.71896004677
13.4194002151 -71.6092987061 9.2897901535
16.5118999481 -71.5207977295 23.9337997437
1.34789001942 -71.2287979126 -11.7558002472
-19.9899997711 -71.9040985107 -9.98983001709
-21.0788002014 -71.8134002686 -5.90488004684
-22.8295001984 -73.9800033569 -5.8029999733
13.1119003296 -71.854598999 15.7138004303
-23.5312004089 -76.236000061 -11.9729003906
-19.1979007721 -75.5231018066 -16.1560001373
-11.6255998611 -71.8023986816 -16.2285003662
14.3758001328 -71.0063018799 -11.5722999573
-14.3572998047 -75.4645996094 -18.752199173
-16.0498008728 -76.4085998535 -20.9349002838
-5.32949018478 -74.9688034058 -18.1005001068
-5.66590023041 -72.668800354 -16.8707008362
18.9629993439 -70.8439025879 -6.05215978622
18.3945007324 -71.8167037964 -12.2063999176
19.2674007416 -75.2332992554 -14.30189991
22.5974998474 -71.7083969116 -10.5514001846
16.8539009094 -71.8201980591 3.10471010208
23.1846008301 -71.3656997681 -5.82675981522
18.617099762 -75.422996521 4.92786979675
16.7724990845 -75.4870986938 11.2529001236
26.901599884 -75.4475021362 -11.4146003723
17.0813999176 -75.390296936 18.0625991821
27.4964008331 -75.6438980103 -6.61782979965
16.9631004333 -75.9919967651 -16.8012008667
29.719499588 -75.8547973633 -11.9385995865
-27.7698001862 -76.6213989258 -21.8187999725
22.6305007935 -76.2317962646 17.442899704
21.7364006042 -76.3106994629 6.93910980225
21.7178001404 -76.2222976685 10.897600174
23.0594997406 -75.0199966431 8.0860004425
24.7224998474 -73.827003479 7.33900022507
27.5335006714 -74.8985977173 5.24326992035
21.2464008331 -75.675201416 23.2910995483
26.261800766 -75.3244018555 19.507900238
27.9790000916 -75.5746994019 22.5314006805
24.7108001709 -76.0782012939 3.06065011024
33.2393989563 -75.9925994873 3.62014007568
32.6599998474 -73.9713973999 5.3669500351
28.1944999695 -75.1644973755 29.7903995514
24.5352993011 -70.8912963867 31.2901992798
19.9606990814 -70.5157012939 36.3283996582
24.5028991699 -70.9750976562 33.8558006287
29.5275993347 -75.3315963745 32.8656005859
25.8215007782 -72.5149993896 35.4379997253
34.470500946 -75.5187988281 23.5825996399
36.1875991821 -75.7046966553 4.42703008652
37.1579017639 -74.4347991943 8.39256954193
37.9068984985 -74.9859008789 28.0361003876
35.8833007812 -74.9259033203 -4.90045022964
42.2561988831 -71.9188995361 30.410900116
41.3428001404 -75.4186019897 18.713300705
35.8004989624 -74.0279998779 20.7229995728
37.8293991089 -73.8236999512 19.2038993835
39.2308006287 -73.7659988403 15.9826002121
43.9245986938 -75.146697998 20.1033992767
45.0430984497 -69.0716018677 32.2518997192
41.5912017822 -75.9455032349 11.9656000137
38.6823005676 -74.3028030396 11.4472999573
48.3815002441 -71.339302063 27.257900238
50.393699646 -59.1542015076 34.3330001831
46.1775016785 -75.0701980591 7.35906982422
51.0629997253 -74.5674972534 12.6791000366
38.0899009705 -75.2303009033 0.565846025944
49.6455993652 -64.730796814 31.6172008514
52.4070014954 -72.2164993286 21.9862995148
47.1305999756 -59.4374008179 38.0196990967
42.4906997681 -74.7807998657 3.01151990891
38.965801239 -70.415802002 -4.90148019791
56.4818992615 -71.0539016724 4.63260984421
44.9039993286 -54.1211013794 42.5957984924
63.6315002441 -68.070602417 19.0319004059
56.5620994568 -69.2379989624 25.9172000885
61.6796989441 -69.1825027466 8.95456027985
41.4015007019 -52.104598999 46.1291007996
56.3647003174 -67.0127029419 29.9150009155
58.3736000061 -62.6321983337 33.8362998962
66.3518981934 -64.7060012817 24.5499992371
41.0177993774 -46.2252006531 46.8149986267
44.1785011292 -48.2336997986 45.6484985352
51.3176002502 -50.7533988953 39.9067993164
51.9468002319 -60.1456985474 32.9627990723
37.9644012451 -45.1423988342 48.7583999634
47.2206993103 -48.0448989868 42.7816009521
45.7300987244 -39.5274009705 43.5536994934
48.5239982605 -42.5087013245 42.4295005798
67.5727996826 -65.9016036987 13.4344997406
51.8260993958 -46.2360992432 40.6733016968
71.1825027466 -62.2606010437 20.2567996979
66.4085998535 -65.0905990601 4.56070995331
43.0591011047 -38.783000946 45.5166015625
56.2770004272 -44.4761009216 35.1716995239
53.9062004089 -38.9301986694 37.9421005249
52.4524993896 -34.4039993286 40.5153007507
47.4697990417 -34.2751998901 45.0015983582
53.0723991394 -53.4711990356 35.2088012695
38.417098999 -42.2691993713 49.7584991455
44.1398010254 -32.401599884 47.4519996643
49.7619018555 -26.8218994141 43.5723991394
55.8232002258 -52.7416000366 32.6189002991
57.1823005676 -47.7983016968 31.4909000397
57.2458992004 -37.945400238 33.7141990662
57.5043983459 -25.85090065 34.253200531
58.7145996094 -57.4833984375 34.2373008728
52.7560005188 -26.5457992554 39.6520996094
72.5571975708 -61.4378013611 14.6451997757
61.2090988159 -24.875 26.6774997711
60.2434997559 -40.0074996948 27.8738002777
55.1563987732 -18.8089008331 36.6104011536
73.0938034058 -59.6175003052 7.25141000748
74.9352035522 -58.2299995422 13.7887001038
61.4692993164 -42.7854995728 27.401599884
50.2486991882 -21.9286003113 43.829498291
46.2625007629 -25.1702003479 44.7159004211
45.2675018311 -20.3703994751 45.5331001282
63.3069000244 -51.1329994202 33.5461006165
64.7772979736 -44.9425010681 30.3078994751
44.0148010254 -26.6849002838 47.9215011597
42.0399017334 -31.0680007935 50.0684013367
63.6248016357 -55.0037002563 33.7281990051
45.9193000793 -15.8334999084 44.7100982666
41.1829986572 -22.0025005341 49.5625991821
35.9257011414 -34.3474006653 53.7251014709
37.8459014893 -27.3903999329 52.4322013855
62.6155014038 -59.6837005615 32.9766998291
38.5676002502 -22.7528991699 50.5970001221
29.9494991302 -32.8478012085 56.3642997742
65.4281997681 -62.6936988831 28.0666999817
69.4645996094 -56.6646995544 29.1490001678
70.5551986694 -53.3488998413 29.9577999115
40.0877990723 -13.3309001923 47.9832000732
74.5897979736 -57.2182006836 22.7085990906
68.2931976318 -48.9553985596 31.6133995056
66.9529037476 -40.0808982849 26.0433006287
73.4217987061 -47.3566017151 27.8264007568
71.5306015015 -42.3757019043 27.5624008179
63.4519004822 -38.7840995789 21.8187007904
75.9804000854 -52.329498291 22.6390991211
77.2272033691 -51.2176017761 17.6959991455
76.5182037354 -44.4121017456 22.5011997223
70.4479980469 -37.3055000305 22.2017002106
74.8883972168 -40.123298645 21.6205997467
63.0181999207 -36.6319999695 20.9309005737
77.9851989746 -43.9464988708 16.3826999664
64.508102417 -36.7874984741 16.2775993347
75.8835983276 -38.7550010681 15.7481002808
62.8209991455 -31.5093994141 22.2322006226
78.0011978149 -49.2046012878 11.67689991
70.800201416 -36.202999115 16.6511993408
76.2671966553 -40.7706985474 10.39220047
63.4249992371 -34.1181983948 14.0916004181
76.4938964844 -49.4546012878 6.45267009735
64.4260025024 -37.1500015259 11.4229001999
71.739402771 -37.2746009827 9.80109024048
61.4973983765 -21.0349998474 24.2357997894
74.4785995483 -42.3507995605 4.4856801033
63.6543006897 -38.9253005981 6.21316003799
71.2919006348 -59.5824012756 3.56471991539
73.9371032715 -50.7476005554 2.8029499054
71.0317001343 -40.1652984619 4.37546014786
61.9790992737 -16.7856998444 14.3002004623
62.9258995056 -23.7894001007 8.86248970032
70.9933013916 -46.0321998596 1.10020005703
62.9667015076 -33.7766990662 5.4083199501
60.3726997375 -15.1274003983 25.1802005768
61.2324981689 -43.2188987732 2.13655996323
69.4616012573 -56.3675994873 -0.756770014763
70.8570022583 -50.3238983154 -1.15529000759
67.3162002563 -49.6823997498 -2.89653992653
66.706703186 -46.1304016113 -0.90730202198
63.0959014893 -62.2714996338 -2.6398499012
66.0688018799 -54.9856987 -3.65235996246
59.0374984741 -51.2308998108 -3.06260991096
59.0505981445 -56.1762008667 -5.42717981339
60.9117012024 -67.6659011841 3.71027994156
59.2249984741 -46.8213996887 -0.764904975891
58.2131996155 -59.9085006714 -5.21901988983
58.2719993591 -64.8996963501 -2.16382002831
54.5194015503 -69.025100708 -1.11512005329
52.8553009033 -56.3263015747 -4.87604999542
55.4662017822 -52.2714004517 -3.83450007439
58.1073989868 -45.0222015381 -2.99212002754
49.3426017761 -70.9634017944 -0.286307007074
49.4093017578 -65.8070983887 -3.9657599926
41.653301239 -70.769203186 -2.65202999115
55.1596984863 -48.8614006042 -8.11744022369
50.3763999939 -59.3283996582 -5.3363699913
45.9407997131 -63.5402984619 -5.61813020706
58.9175987244 -38.8879013062 -5.01669979095
61.8074989319 -31.4487991333 0.530039012432
59.8559989929 -34.9945983887 -2.87191009521
39.3005981445 -67.6000976562 -9.47200965881
49.0139007568 -58.0253982544 -8.06295967102
59.8790016174 -28.6233997345 -3.29076004028
57.0251998901 -31.8801002502 -7.27307987213
55.4665985107 -41.6049003601 -10.8860998154
52.2747001648 -51.1044006348 -10.8499002457
44.4695014954 -61.7513008118 -16.0279998779
33.9612998962 -75.1789016724 -13.9563999176
51.4600982666 -41.8641014099 -14.7133998871
52.5507011414 -34.6834983826 -12.1028003693
48.5195999146 -55.109500885 -12.3156003952
55.7426986694 -28.4332008362 -11.9792003632
48.6369018555 -48.2062988281 -17.1212997437
49.6136016846 -38.3642997742 -16.4347000122
39.693901062 -65.318901062 -14.8065004349
46.7165985107 -42.9121017456 -18.0751991272
46.2366981506 -48.7891998291 -18.4645004272
49.1036987305 -31.8388004303 -18.039899826
51.9109992981 -27.5499000549 -16.5781993866
57.7504997253 -24.2518005371 -9.27490997314
61.8100013733 -21.3255004883 0.452589005232
45.263999939 -39.9267997742 -21.0680007935
54.2489013672 -24.2005996704 -14.4778995514
47.0065994263 -28.0027999878 -18.4785003662
41.4552001953 -45.4761009216 -22.1270999908
43.0875015259 -35.5313987732 -23.0575008392
58.6883010864 -19.3684005737 -6.76668977737
47.0481987 -20.8892002106 -18.6060009003
44.3278007507 -53.1189994812 -18.4878005981
44.8236999512 -58.6295013428 -18.2282009125
51.5630989075 -19.5641002655 -15.696100235
41.858001709 -27.2754001617 -23.085899353
42.4580993652 -50.5728988647 -22.4519996643
39.3527984619 -59.3497009277 -22.1972007751
38.1604995728 -42.6935997009 -26.2947998047
37.1087989807 -62.8692016602 -19.7087993622
38.5251998901 -48.6395988464 -24.6625003815
38.2456016541 -55.7019004822 -25.5834007263
37.8097000122 -67.5337982178 -17.2754001617
36.3805007935 -66.5681991577 -20.4652996063
32.8087997437 -58.6539993286 -25.0729007721
51.6643981934 -14.8584003448 -11.5661001205
44.1335983276 -13.9617996216 -18.1634998322
43.5253982544 -20.0564002991 -20.900800705
31.3819999695 -62.9552993774 -23.4759998322
30.6152992249 -75.3125 -18.2362995148
57.5326004028 -14.2934999466 -4.41943979263
30.4388008118 -54.3787994385 -27.752199173
29.9053001404 -49.7929000854 -27.6375007629
28.5548000336 -61.8832015991 -25.6809997559
29.7269992828 -66.3472976685 -23.3332004547
39.3138008118 -20.1096000671 -22.4251995087
29.9911003113 -71.1626968384 -20.992099762
23.5648002625 -76.0608978271 -19.1432991028
24.2397994995 -64.3415985107 -24.0195999146
24.898399353 -55.7214012146 -29.1324005127
27.6564006805 -73.8888015747 -21.172700882
20.5533008575 -66.2573013306 -23.2584991455
22.7159004211 -60.6109008789 -27.1499004364
-9.86964035034 -76.7216033936 -24.6371994019
20.4046001434 -73.4642028809 -22.9351997375
13.0991001129 -66.9740982056 -23.920999527
19.3668994904 -61.8263015747 -28.4347991943
20.0939998627 -75.0932998657 -21.7117996216
6.9349398613 -75.2525024414 -23.3570995331
5.09740018845 -70.0317993164 -24.878200531
21.2406997681 -55.9053993225 -28.9239006042
22.6445999146 -49.9700012207 -29.2192001343
-7.40171003342 -74.8850021362 -27.2735996246
2.77313995361 -66.3479003906 -25.235200882
10.2976999283 -64.2807006836 -28.0284004211
12.781999588 -55.0573997498 -30.6826000214
18.3666000366 -45.8932991028 -32.8683013916
23.902299881 -45.4416007996 -30.9130992889
-3.72044992447 -68.5518035889 -27.2698993683
13.4165000916 -58.8417015076 -29.7756996155
16.505399704 -47.5415000916 -32.7242012024
-13.3303003311 -76.6371002197 -27.8950996399
2.80524992943 -63.640499115 -27.907699585
5.1209602356 -60.0443992615 -29.8015003204
-4.19384002686 -64.2731018066 -26.0128993988
-13.8093004227 -67.8659973145 -28.3780994415
-16.9580993652 -74.8709030151 -29.5004997253
6.64151000977 -57.0994987488 -32.0612983704
1.08475995064 -52.8137016296 -33.5018005371
-20.3642997742 -76.3678970337 -29.0813007355
3.11504006386 -54.7126998901 -32.3574981689
6.90031003952 -51.108001709 -32.6931991577
11.4666004181 -48.0281982422 -34.028301239
-18.636800766 -67.5883026123 -27.53840065
16.244600296 -40.9026985168 -32.5467987061
3.48212003708 -49.6663017273 -34.6538009644
7.74912977219 -45.9247016907 -34.3230018616
-25.1166992188 -76.1350021362 -26.7028007507
-7.90854978561 -62.5766983032 -24.9797992706
-2.47554993629 -56.7422981262 -30.0273990631
-14.6298999786 -64.3004989624 -25.7471008301
-26.5594997406 -72.7668991089 -24.7187004089
-19.845199585 -64.8455963135 -24.2397994995
-4.91164016724 -49.9812011719 -32.3086013794
-5.08619022369 -44.5209999084 -34.4930000305
1.27113997936 -45.2419013977 -36.2126998901
-8.23810005188 -56.4418983459 -26.4171009064
-11.7678003311 -60.8522987366 -21.6520996094
-26.7311992645 -71.2073974609 -21.8843002319
-10.5059995651 -60.3601989746 -23.3138999939
-9.01546001434 -50.1680984497 -29.204000473
-8.25599956512 -45.3385009766 -31.3637008667
-20.9199008942 -64.1067962646 -21.6298007965
-10.2269001007 -53.2238998413 -25.4612998962
-14.3084001541 -50.6212997437 -16.7336997986
-11.9954004288 -36.447101593 -33.0746994019
-12.9411001205 -41.7551002502 -27.5116996765
-12.9575996399 -45.4073982239 -26.0813007355
-15.3708000183 -41.2988014221 -20.5895996094
-5.52265977859 -40.3391990662 -36.3606987
7.50609016418 -41.3662986755 -34.6572990417
16.4843006134 -36.5999984741 -33.9902000427
2.93477010727 -41.2262992859 -36.6739006042
-5.52159976959 -36.4790000916 -37.4140014648
-14.3325996399 -33.3754005432 -31.3724994659
-17.1161994934 -33.7813987732 -24.4692993164
11.0703001022 -32.0289993286 -36.1197013855
1.1554299593 -36.1781997681 -37.4435005188
-16.045999527 -61.3552017212 -17.7136001587
-13.1905002594 -58.4915008545 -15.3997001648
-23.3337993622 -64.5515975952 -20.6849002838
-15.9465999603 -45.2853012085 -16.2150993347
-15.5669002533 -52.0448989868 -10.4941997528
-16.0170993805 -58.9110984802 -8.60147953033
-18.4377002716 -36.3745002747 -17.6292991638
-17.986000061 -45.0679016113 -13.0090999603
-17.7947998047 -53.6590995789 -8.93389987946
-19.5926990509 -61.3791999817 -11.714799881
-24.7147006989 -62.9225006104 -11.3041000366
-28.2250003815 -70.685798645 -20.1651992798
-23.2465991974 -60.5292015076 -9.79526042938
-22.9967002869 -57.8054008484 -9.34442996979
-23.5785999298 -49.8465003967 -10.3913002014
-26.2052993774 -65.8963012695 -15.1969995499
-21.5643997192 -38.0181007385 -15.6248998642
-26.932100296 -63.6955986023 -9.41333961487
-27.1762008667 -56.6352005005 -9.410779953
-26.4223995209 -48.7495994568 -11.179599762
-18.4307994843 -32.3428001404 -18.0373001099
-26.4300003052 -38.7121009827 -16.4958992004
-29.3113002777 -72.3973007202 -16.643699646
-30.4629993439 -69.3862991333 -10.4210996628
-29.0559997559 -74.8612976074 -19.5480003357
-31.6058998108 -76.6207962036 -11.6035995483
-28.3845005035 -76.6333007812 -16.6205997467
-31.6308994293 -64.9078979492 -8.52869987488
-33.1935005188 -58.4453010559 -6.76096010208
-31.5734996796 -49.2492980957 -10.7032003403
-30.4004993439 -45.9001998901 -12.044500351
-26.4291000366 -32.9269981384 -17.572599411
-23.7567005157 -26.5238990784 -19.5450000763
-41.6726989746 -76.8478012085 -5.11272001266
-30.1718006134 -35.7975997925 -15.3380002975
-29.4638996124 -30.7322998047 -18.0142002106
-18.2164001465 -29.4972991943 -21.164100647
-50.2206001282 -76.7858963013 1.42607998848
-36.8501014709 -76.1016998291 -10.9274997711
-35.6991996765 -69.6455001831 -9.39568996429
-44.8558998108 -76.4210968018 -7.97534990311
-52.0355987549 -76.2865982056 -4.16838979721
-53.8706016541 -76.2436981201 7.60348987579
-34.6688995361 -44.2585983276 -9.6795797348
-44.3280982971 -73.4338989258 -7.42854976654
-38.5800018311 -64.8371963501 -5.08042001724
-37.4743995667 -61.590801239 -4.32424020767
-37.6321983337 -45.6068992615 -7.41510009766
-49.7309989929 -69.7658996582 -4.35206985474
-51.46900177 -73.4335021973 -4.78444004059
-32.9940986633 -40.6025009155 -12.82970047
-36.5833015442 -57.4413986206 -4.46354007721
-40.7685012817 -63.4952011108 -1.86837005615
-54.9053993225 -75.6399993896 1.05947995186
-53.2018013 -74.8811035156 13.0023002625
-40.0145988464 -59.539100647 0.266162991524
-49.1328010559 -67.101600647 -0.864310979843
-56.0404014587 -74.4571990967 9.47474002838
-50.3297996521 -72.2423019409 15.8933000565
-37.9014015198 -54.8623008728 -3.185090065
-55.4244003296 -71.4143981934 9.12829971313
-49.0269012451 -66.9867019653 12.2319002151
-50.4961013794 -65.3588027954 8.96411991119
-55.8426017761 -74.5736999512 2.6676800251
-53.4062995911 -69.8354034424 1.34100997448
-51.307598114 -65.5920028687 4.85018014908
-41.9490013123 -62.2620010376 2.63695001602
-41.4556999207 -63.3286018372 11.704000473
-42.1711997986 -61.9043006897 6.7311501503
-40.3813018799 -58.0093002319 5.02408981323
-39.5045013428 -60.9333000183 11.1225004196
-40.0670013428 -52.8833999634 2.37134003639
-39.4269981384 -48.2868995667 -3.80571007729
-34.5357017517 -60.726600647 15.7667999268
-38.8082008362 -56.438999176 10.1964998245
-32.8036003113 -56.9566993713 16.9787998199
-40.0243988037 -53.9527015686 7.72162008286
-41.8964996338 -49.9062004089 0.344354987144
-37.0658988953 -54.0527992249 12.8963003159
-34.3392982483 -54.3562011719 16.7289009094
-35.2067985535 -54.0331993103 20.1534996033
-38.8843002319 -53.0906982422 12.6892995834
-42.6305007935 -51.4216995239 7.37432003021
-44.2387008667 -49.631401062 0.438289999962
-35.7126998901 -51.0302009583 29.186000824
-51.2793006897 -49.8317985535 14.9103002548
-40.8011016846 -52.5592002869 17.1478004456
-53.204498291 -48.3362998962 9.62382030487
-32.7019004822 -53.2074012756 35.6711006165
-37.46849823 -49.9168014526 27.1622009277
-41.3936004639 -50.5858001709 23.3817996979
-34.1543006897 -48.5619010925 34.0419006348
-30.8845996857 -46.3456993103 38.4329986572
-53.4174995422 -46.4280014038 4.23405981064
-49.0354995728 -47.3202018738 -1.45873999596
-31.1543006897 -42.5766983032 40.5914001465
-57.0442008972 -43.376499176 3.44748997688
-46.6403007507 -44.6551017761 -5.62188005447
-34.7812004089 -45.5253982544 36.4351005554
-49.8199005127 -48.5051002502 22.5042991638
-40.3521003723 -51.9733009338 19.7481994629
-56.7391014099 -45.5175018311 11.3998003006
-44.8179016113 -44.8869018555 33.9375
-54.9379997253 -46.9818992615 19.4620990753
-33.5344009399 -39.689201355 40.279499054
-58.7090988159 -42.9688987732 17.4319992065
-30.0312995911 -37.0303001404 43.3391990662
-50.9728012085 -45.1972007751 27.7548007965
-39.8978996277 -42.0168991089 38.9371986389
-56.0098991394 -43.123500824 24.2777996063
-60.6268005371 -40.7709999084 8.13146018982
-49.6432991028 -41.6538009644 35.6609992981
-38.1082000732 -36.6147003174 42.8506011963
-58.898399353 -39.3912010193 29.4444999695
-61.8765983582 -40.9132995605 16.1014995575
-42.5996017456 -36.0270996094 43.2380981445
-52.9659004211 -41.5293006897 -3.75712990761
-58.8325004578 -40.0255012512 1.69181001186
-24.241399765 -32.3573989868 44.9687995911
-53.4452018738 -37.8106994629 37.2207984924
-38.2117004395 -40.8083000183 -13.0701999664
-28.3560009003 -30.9034996033 43.6563987732
-22.5170993805 -30.1982002258 44.6484985352
-33.39220047 -36.9925003052 -14.4422998428
-31.9797000885 -33.9135017395 45.2661018372
-29.9388999939 -27.823299408 45.489200592
-24.9612007141 -24.779499054 43.9393005371
-20.9122009277 -27.4916992188 45.8103981018
-35.3129997253 -30.3087005615 45.538898468
-39.0546989441 -34.3296012878 -17.5056991577
-38.848400116 -30.2528991699 46.2723999023
-46.5462989807 -33.8712997437 42.824798584
-36.8830986023 -25.0151996613 47.0954017639
-43.7289009094 -40.5948982239 -12.9422998428
-31.1863002777 -23.5301990509 47.348400116
-15.2122001648 -25.7674007416 43.293598175
-49.2843017578 -35.1641998291 -15.0034999847
-39.1553993225 -28.8813991547 -19.98279953
-21.0436000824 -18.7707004547 45.1157989502
-23.7541999817 -14.7278995514 43.8308982849
-19.1494998932 -17.8607006073 46.2104988098
-28.5112991333 -19.4016990662 44.6629981995
-43.5209007263 -29.1026000977 44.7322006226
-40.6775016785 -23.1567993164 45.8488006592
-36.8471984863 -20.76720047 46.5463981628
-32.8336982727 -18.6441001892 45.8913002014
-48.0676994324 -26.8598003387 45.8544998169
-28.1261997223 -14.755399704 44.6725997925
-54.9813995361 -35.2378005981 -10.8695001602
-29.8047008514 -24.9708995819 -20.3451004028
-45.1712989807 -28.7935009003 -17.7973003387
-32.3125991821 -13.6294002533 46.4347000122
-37.0983009338 -14.0854997635 44.9842987061
-24.1462001801 -23.3780994415 -19.8577003479
-30.0785007477 -9.56525993347 43.7827987671
-27.2154998779 -5.30285978317 43.104801178
-23.1457004547 -8.33312034607 42.1902999878
-19.0718994141 -25.511800766 -20.9946994781
-35.3940010071 -7.63510990143 42.9710998535
-34.23279953 -0.695231974125 39.5074996948
-44.4692993164 -17.5520992279 47.0299987793
-40.095500946 -16.6424999237 46.9515991211
-44.554599762 -20.691400528 47.314201355
-16.5900001526 -25.6133003235 -24.1492004395
-20.0030994415 -21.1681003571 -22.4158992767
-45.2504005432 -11.8027000427 44.3021011353
-50.5849990845 -22.0116004944 45.6856994629
-39.3787994385 -9.18916988373 44.6403999329
-50.6866989136 -16.7854995728 44.0023994446
-46.9289016724 -7.54970979691 43.3324012756
-38.3418006897 -3.60910010338 42.029499054
-55.1379013062 -22.0618991852 43.0987014771
-27.974199295 -19.4691009521 -20.6270999908
-53.4835014343 -13.603099823 43.5891990662
-29.5638008118 -0.941676020622 40.4546012878
-37.8961982727 2.45281004906 37.2439994812
-44.5186004639 -0.414822995663 39.2196006775
-23.271900177 1.90383005142 37.726398468
-48.3392982483 0.164594992995 38.9884986877
-29.9157009125 4.01222991943 35.8392982483
-45.2868995667 2.83736991882 37.9720993042
-56.7907981873 -14.7474002838 42.0009994507
-55.873500824 -8.32147026062 39.9202003479
-15.6997003555 -27.9591999054 -28.0659999847
-39.3497009277 4.79744005203 37.3981018066
-35.5489006042 6.36075019836 34.8866004944
-61.1897010803 -22.6168003082 39.2723999023
-59.5761985779 -12.2068004608 38.6632995605
-11.5900001526 -25.481300354 -33.9991989136
-12.4638004303 -21.1601009369 -29.7518005371
-11.8962001801 -16.5792999268 -23.0522994995
-24.2479991913 -17.5867996216 -21.6615009308
-10.6075000763 -29.723400116 -35.185798645
-9.45491027832 -20.7604999542 -33.1497993469
-7.7008099556 -23.8647003174 -35.931098938
-3.87036991119 -27.1744995117 -37.6383018494
-7.1449098587 -16.4843997955 -30.6739006042
-4.47561979294 -18.1543006897 -34.0570983887
-44.5906982422 8.10050964355 42.3630981445
-1.36436998844 -31.0965995789 -37.1915016174
-39.6383018494 8.31881046295 40.0289993286
-46.8760986328 3.56479001045 41.1237983704
2.34889006615 -29.3057994843 -37.848400116
5.05637979507 -32.2826004028 -36.5448989868
1.93770003319 -22.9286994934 -37.3446998596
7.79148006439 -25.0035991669 -36.5690002441
14.8135995865 -26.0018997192 -35.7728996277
-56.7246017456 -4.03031015396 38.7415008545
3.33494997025 -18.5251998901 -34.9790992737
17.0680007935 -30.7973995209 -34.0317993164
13.8278999329 -21.9043998718 -34.4210014343
-52.0302009583 -0.521538972855 39.1882019043
20.0396003723 -25.7616996765 -32.8061981201
20.6170005798 -34.9998016357 -33.3465003967
13.8545999527 -18.5986995697 -33.7046012878
5.61648988724 -14.8957004547 -31.8428001404
2.73151993752 -13.4495000839 -29.334400177
-7.73418998718 -14.332400322 -23.507900238
14.967300415 -15.3058004379 -31.408700943
23.198600769 -20.7945995331 -31.3052997589
24.6354999542 -38.9972000122 -31.996099472
-0.476787000895 -12.0027999878 -23.0697002411
11.9589004517 -12.7384004593 -28.5911006927
25.1977005005 -33.3818016052 -32.4617004395
23.0149993896 -42.2723007202 -30.9395008087
8.59490966797 -10.3818998337 -23.0316009521
21.3873996735 -13.6674003601 -27.4106998444
-9.89535045624 -10.3381004333 -22.280500412
30.9762001038 -46.6319999695 -28.3854007721
26.8656997681 -41.8802986145 -29.3612003326
-16.9157009125 -7.30860996246 -20.3579998016
30.3747005463 -39.7028007507 -29.9620990753
35.2449989319 -39.2680015564 -27.7106990814
29.0041999817 -34.8903007507 -29.3833999634
36.1537017822 -33.6198997498 -25.9508991241
26.9386005402 -31.8801994324 -30.8283996582
31.6478004456 -31.4902992249 -28.8554992676
22.1273002625 -16.6637992859 -30.2451992035
36.5167007446 -25.639799118 -25.8041000366
14.9987001419 -9.98666954041 -21.8173999786
29.7084007263 -27.8582992554 -29.0541000366
29.6574993134 -13.7475996017 -23.2772006989
30.2633991241 -18.8404998779 -27.8540000916
30.4820995331 -21.4295005798 -28.8353996277
35.2767982483 -20.7182006836 -24.8913993835
-10.0586996078 -5.62847995758 -21.8120994568
30.641500473 -12.9471998215 -21.8903007507
35.8540000916 -14.2361001968 -21.5422000885
22.9193992615 -9.79938983917 -20.1473999023
30.4293994904 -7.99079990387 -20.732000351
-23.7322998047 -9.78061962128 -19.8188991547
36.2644004822 -8.88451957703 -20.6816005707
-17.3136005402 -3.60351991653 -18.4340000153
30.6096992493 -4.63300991058 -17.6998004913
-28.3020992279 -13.2348003387 -20.3381004333
44.8953018188 -10.7789001465 -15.9159002304
26.1903991699 -3.79504990578 -18.6730003357
-31.9179000854 -18.1189994812 -20.0933990479
52.2634010315 -9.43115997314 -10.492600441
36.7863998413 -3.6651699543 -15.1447000504
41.854801178 -7.61371994019 -16.5755996704
47.9292984009 -5.93790006638 -12.480799675
56.9029006958 -9.48085021973 -3.23142004013
-35.382900238 -24.5512008667 -20.0069007874
51.7635002136 -4.10986995697 -7.32342004776
58.6511993408 -7.52089977264 3.28840994835
-41.077999115 -22.9923000336 -19.6650009155
-37.5135002136 -20.3185997009 -20.8729000092
45.3022003174 -2.91287994385 -11.8294000626
55.8759002686 -2.91009998322 3.83484005928
-39.6403999329 -15.4600000381 -20.3159999847
-36.2146987915 -11.4645996094 -20.8567008972
-28.3141994476 -6.42538022995 -19.6741008759
46.9786987305 1.50887000561 -7.96279001236
50.1903991699 1.3728300333 -4.28574991226
42.4225997925 2.26763010025 -9.97570037842
38.9263000488 -1.88547003269 -13.8260002136
27.3892002106 1.91859996319 -17.4078006744
50.3135986328 5.85515022278 4.36167001724
44.4371986389 8.71597003937 -1.65164005756
32.5453987122 2.36882996559 -15.2047996521
38.2463989258 5.41271018982 -11.1024999619
61.0083999634 -12.5495996475 7.16407012939
39.7279014587 7.89904022217 -7.61738014221
57.8036003113 -4.52494001389 8.2952299118
62.3968009949 -17.5986003876 8.15694046021
60.2454986572 -10.2554998398 13.5975999832
-37.813999176 -4.0570101738 -17.1590995789
34.1021995544 13.3260002136 -4.53790998459
28.3395996094 9.23005008698 -12.9820995331
24.209400177 8.38514995575 -14.0429000854
32.8820991516 11.0515003204 -8.50133991241
58.1358985901 -9.38554000854 24.2577991486
26.303899765 11.9292001724 -11.149600029
56.2251014709 -2.93428993225 20.8854007721
55.3143997192 -0.65131098032 12.7728996277
56.4261016846 -11.5645999908 30.6270008087
55.2753982544 -3.85988998413 27.5548000336
50.072101593 6.05067014694 23.7495002747
49.8385009766 6.88314008713 9.54074001312
51.7789993286 -15.0395002365 39.8238983154
44.2490997314 11.7267999649 7.96881008148
51.8091011047 0.306531012058 29.0597000122
45.2487983704 11.4835996628 13.7643003464
37.1761016846 16.0587005615 3.77397990227
30.949300766 14.894200325 -3.77818989754
23.0867004395 13.0293998718 -9.48375034332
39.1880989075 15.8593997955 12.7355003357
47.7321014404 7.9783000946 26.0590000153
27.9563999176 19.7609996796 2.80561995506
46.342300415 -9.67860984802 41.8138999939
40.6283988953 14.6984996796 20.5809993744
30.5634994507 19.9009990692 11.1766004562
48.8870010376 -5.55540990829 36.6683998108
44.7835998535 -5.72824001312 39.775100708
40.9019012451 -6.62016010284 43.1506996155
46.2322998047 3.35710000992 34.0722999573
44.0712013245 -1.75167000294 39.2429008484
36.6403007507 -2.12945008278 41.4889984131
34.0038986206 -7.44105005264 47.5587997437
40.6661987305 2.71783995628 37.2862014771
42.8431015015 8.56330966949 31.1604995728
39.8855018616 14.2695999146 25.5997009277
34.6797981262 17.9099006653 18.934299469
23.9039001465 16.7269992828 -4.95546007156
38.1791000366 11.3333997726 33.1442985535
32.5744018555 3.09710001945 39.6902999878
34.8723983765 15.2107000351 28.1368999481
35.9231987 7.95942020416 36.7220001221
32.2308998108 9.50259971619 36.4840011597
31.4493999481 -1.52131998539 42.2857017517
35.3529014587 -19.4605998993 49.6012001038
28.0237007141 20.4864006042 20.123500824
31.2852993011 17.4146995544 28.2691993713
24.825799942 21.4643001556 13.3917999268
30.5303993225 13.0191001892 34.3566017151
29.3339996338 3.81252002716 39.717300415
25.591299057 19.5625991821 26.6676998138
20.8638000488 21.5841999054 18.4930000305
25.9498996735 15.9327001572 32.6407012939
25.6147003174 12.5169000626 36.614200592
33.6507987976 -24.0606002808 52.3344993591
32.6231002808 -13.9034996033 49.6899986267
27.6767997742 -8.36569976807 49.3709983826
19.0881996155 19.9333992004 26.5160999298
27.7259998322 -1.52318000793 41.7097015381
29.0291004181 -28.0974998474 55.2153015137
31.3959007263 -18.76720047 54.0498008728
21.5846996307 -5.41349983215 43.8375015259
24.1294994354 -11.7574996948 50.4854011536
20.3178005219 21.5123996735 8.1615896225
26.1963996887 -14.5258998871 52.4462013245
17.6189002991 15.5200996399 33.739200592
23.0261001587 4.83860015869 41.5825996399
17.7311000824 20.2422008514 2.45305991173
21.9123001099 10.5278997421 37.5353012085
20.5002002716 0.767471015453 43.7984008789
17.8167991638 7.86373996735 40.9613990784
16.9435997009 15.9291000366 -5.18377017975
15.0336999893 11.8360996246 37.9397010803
15.6596002579 3.46001005173 43.5694007874
13.9881000519 -0.472431004047 44.7934989929
9.34953975677 7.90276002884 40.3218994141
9.21702957153 13.9170999527 35.0835990906
12.6492996216 17.1613006592 31.3761005402
10.0066003799 20.3131999969 21.4344005585
12.2686004639 20.974199295 12.4848003387
3.8254199028 9.8094997406 38.0632019043
6.56970977783 1.04858994484 43.8644981384
12.1350002289 -2.90708994865 45.8566017151
8.66930007935 19.0354995728 26.579000473
3.07009005547 14.0248003006 32.6948013306
8.98418998718 19.8066997528 5.65686988831
4.01663017273 19.5898990631 16.9950008392
17.9008998871 -8.59403038025 45.8223991394
2.7276198864 -3.75407004356 44.6351013184
1.37949001789 18.3691005707 7.62811994553
6.80078983307 18.0823993683 0.145465001464
13.0069999695 -8.87131977081 45.4206008911
10.2776002884 15.9470996857 -6.92643022537
14.1875 11.3062000275 -10.0607995987
-0.702223002911 -0.106128998101 42.6995010376
-1.67815005779 17.4927005768 19.952299118
1.31929004192 16.7849998474 25.970500946
-0.717674016953 9.26663017273 36.6730003357
16.253200531 -10.7399997711 52.2057991028
-7.68490982056 14.8649997711 20.7728004456
-7.81930017471 16.2852993011 13.5076999664
7.99259996414 -8.46765995026 45.6206016541
-2.75038003922 16.3862991333 3.99084997177
2.90606999397 -9.75366020203 45.4017982483
7.49240016937 -10.5548000336 50.9160003662
-9.48571014404 15.0794000626 4.38004016876
1.29954004288 15.1485996246 -2.50594997406
-2.58225989342 -12.182100296 46.4384002686
18.445400238 -14.9034004211 56.087600708
7.68280982971 -12.2934999466 53.7066993713
10.9741001129 -15.0174999237 56.5937995911
23.3586997986 -19.8125 56.3988990784
0.384483993053 -14.0839004517 53.8400001526
18.1394996643 -20.8624000549 57.7448005676
21.1760005951 -24.635099411 59.0736999512
-4.39217996597 -16.699300766 53.5306015015
12.345199585 -24.0333003998 58.7573013306
10.841799736 -26.7952003479 58.4696998596
-8.21072006226 -22.2742004395 53.4538993835
16.059299469 -28.9775009155 59.1822013855
26.4116001129 -25.4717998505 57.1449012756
-11.720199585 -18.8789997101 45.5583000183
17.1856994629 -33.952999115 59.818901062
20.1033992767 -31.9279003143 57.7018013
24.6459999084 -29.5653991699 56.9532012939
-16.4367008209 -14.8506002426 46.1054992676
-9.4562997818 -16.777299881 46.7145004272
23.9272994995 -35.3587989807 58.3903007507
-6.55837011337 -14.2987003326 46.5024986267
-18.0035991669 -10.6625995636 44.2991981506
-14.4247999191 -12.2917003632 46.3114013672
-9.10603046417 -14.3599996567 45.1968994141
-8.08930015564 -9.88945960999 46.1287994385
27.8328990936 -34.5547981262 56.5303993225
-13.1667995453 -8.10134029388 44.2989006042
-19.6387004852 0.675660014153 37.6077003479
32.818901062 -41.0345001221 53.5666999817
28.4722003937 -43.7697982788 55.7198982239
-10.8461999893 -2.02983999252 40.9945983887
-6.12231016159 1.31307995319 40.8568000793
-19.2541999817 4.46436023712 34.6463012695
-8.54557991028 4.8566699028 35.9700012207
-7.61324977875 8.96494007111 33.1651992798
-22.8673000336 9.02797031403 32.1427001953
-15.7986001968 6.94039011002 33.5211982727
-8.49674034119 11.2356996536 29.2122993469
-13.9277000427 8.82693004608 30.8908996582
-20.9365005493 13.2190999985 28.2868995667
-11.789899826 12.1475000381 24.6019992828
-11.7075996399 14.6857004166 19.6212997437
-29.2129001617 11.8200998306 27.6389007568
-26.8073997498 12.7828998566 26.4067993164
-21.3911991119 16.6212997437 21.0604000092
-12.4708995819 15.5254001617 13.7629995346
-32.0028991699 8.19157028198 32.2937011719
-17.190700531 17.0177993774 15.5886001587
-13.1304998398 15.0643997192 5.54508018494
-32.7197990417 11.2685003281 34.0850982666
-19.3250007629 17.7975006104 9.1740398407
-25.6285991669 19.0583000183 10.7040996552
-32.6733016968 15.5753002167 33.6958999634
-39.3199005127 13.5216999054 41.4818992615
-24.8062000275 17.4248008728 18.2301998138
-28.2709999084 15.1613998413 24.831199646
-28.6506996155 19.0988998413 4.46362018585
-20.5198001862 17.3747997284 1.83179998398
-27.660200119 20.4221000671 12.155500412
-26.7451992035 18.174200058 18.1187000275
-32.4930992126 20.1077003479 32.0531005859
-40.2056007385 19.0722007751 39.8536987305
-44.4751014709 12.5469999313 44.242099762
-30.4909000397 24.9169998169 14.73279953
-31.885799408 24.314699173 5.45761013031
-44.9692993164 17.1294994354 43.4481010437
-48.1083984375 8.98635005951 51.8922996521
-32.5363998413 27.1098003387 20.6159992218
-28.8395004272 20.6774997711 22.5883998871
-48.7120018005 15.6255998611 50.6805992126
-50.2289009094 3.25031995773 48.5292015076
-32.6692008972 24.3484992981 26.919500351
-32.5363006592 31.4631996155 11.7509002686
-40.4826011658 23.0564002991 37.8900985718
-46.7509994507 23.9538002014 40.3204994202
-35.7387008667 27.5965995789 28.138299942
-38.8967018127 27.7017002106 33.1337013245
-50.5756988525 22.267999649 47.466999054
-31.9160995483 20.6858997345 1.09434998035
-31.6259002686 18.0904998779 -1.32425999641
-45.5432014465 27.8348999023 37.0665016174
-52.4215011597 13.8472003937 54.5635986328
-51.0274009705 7.62540006638 53.9607009888
-53.0648002625 20.6033000946 51.3931999207
-55.1285018921 1.11230003834 47.8226013184
-53.4233016968 3.35137009621 51.6123008728
-56.6129989624 8.5247297287 55.4650993347
-56.7028999329 18.8925991058 53.8129997253
-58.5253982544 -1.58354997635 40.1151008606
-57.78150177 3.30949997902 51.8275985718
-58.7088012695 16.3806991577 54.6370010376
-61.3054008484 0.000175074004801 45.8600006104
-59.5628013611 22.3055000305 54.298500061
-52.3628005981 28.0321998596 48.5329017639
-61.557800293 5.99239015579 52.03150177
-62.0159988403 12.6450996399 53.051399231
-46.9005012512 32.9429016113 40.1699981689
-60.5614013672 -2.03699994087 36.4928016663
-42.4687995911 30.986700058 34.9378013611
-61.7518997192 17.6243000031 55.1338005066
-43.0819015503 35.4025993347 38.4281997681
-48.5889015198 38.3731002808 40.1539993286
-37.2874984741 31.1749992371 29.9589004517
-53.4151992798 32.6038017273 46.9244995117
-65.2292022705 15.3389997482 53.5471000671
-64.4199981689 11.5586996078 51.0024986267
-38.1180992126 34.6231002808 31.7949008942
-41.0568008423 38.2537002563 34.4077987671
-37.1461982727 36.8084983826 26.9822006226
-63.4490013123 6.87203979492 50.6425018311
-37.6310005188 41.5353012085 28.7154006958
-42.0442008972 40.6800994873 36.3233985901
-35.5890007019 34.4124984741 19.5592002869
-50.8370018005 41.0499000549 39.1286010742
-57.4081001282 33.072101593 47.5696983337
-34.5447006226 37.8106002808 17.0676002502
-33.632598877 34.7724990845 13.4020004272
-64.8371963501 20.5694007874 53.8571014404
-62.5141983032 28.7574005127 50.3894004822
-67.9651031494 4.06585979462 48.5983009338
-69.2399978638 9.09097957611 50.3927001953
-69.4933013916 14.4503002167 49.8765983582
-69.0942993164 20.4311008453 50.6496009827
-58.9113006592 37.3968009949 43.5197982788
-67.4814987183 26.3295001984 48.5885009766
-71.9975967407 5.43945980072 46.9061012268
-73.34400177 10.7882003784 47.5159988403
-72.4162979126 18.3250999451 45.9519004822
-71.0835037231 30.6926994324 40.8342018127
-67.7233963013 32.9710998535 42.5651016235
-62.8851013184 37.645198822 41.5620002747
-68.4187011719 1.45974004269 44.7943000793
-68.5518035889 37.9387016296 35.7204017639
-60.3941001892 42.5285987854 35.2644004822
-45.4501991272 42.8162994385 35.6581993103
-41.1160011292 43.6086997986 31.8820991516
-68.5016021729 40.6711997986 31.5417003632
-54.4719009399 43.8348999023 33.5968017578
-72.6411972046 2.79785990715 42.1240997314
-75.7370986938 6.78113985062 42.2690010071
-69.2744979858 0.630203008652 39.518699646
-49.909198761 45.9802017212 27.3283004761
-57.4269981384 45.6432991028 26.7609996796
-72.9214019775 2.56399989128 36.4003982544
-75.6322021484 12.2961997986 44.5364990234
-64.2620010376 44.2164001465 26.7031993866
-71.1678009033 36.5551986694 32.6604003906
-74.8029022217 38.1654014587 24.4687995911
-75.7766036987 15.2983999252 41.2350997925
-76.6146011353 10.1134996414 39.9216995239
-73.4769973755 21.3323993683 40.6958999634
-72.637802124 29.3327007294 37.7625999451
-75.9210968018 7.42819023132 34.8272018433
-75.1093978882 17.3626995087 33.5060005188
-71.5089035034 41.9132995605 23.3222007751
-72.7500991821 32.0056991577 32.5260009766
-73.047996521 22.8565998077 35.0803985596
-75.7032012939 12.0418996811 30.9878005981
-73.6837005615 5.99862003326 29.0869998932
-68.6128005981 2.17711997032 30.7782001495
-68.1809997559 43.6600990295 21.3880004883
-61.8726997375 45.5763015747 19.032699585
-77.9588012695 15.5749998093 23.2332000732
-68.0165023804 0.696596980095 27.1378993988
-74.310798645 40.3241996765 16.1949005127
-77.2537994385 9.74736022949 25.9685993195
-56.8550987244 46.2776985168 18.601600647
-67.2132034302 43.9062004089 14.8945999146
-74.0866012573 31.9137001038 28.5767002106
-71.8660964966 27.0235004425 28.236700058
-59.3207015991 45.146900177 9.35871982574
-74.9644012451 3.91948008537 20.8621997833
-74.6007003784 34.0041007996 23.8957004547
-70.3846969604 0.125103995204 19.224199295
-66.0063018799 -2.27255010605 28.6944999695
-75.6744003296 3.99434995651 15.1581001282
-74.5907974243 35.9957008362 17.8003997803
-77.6206970215 10.165599823 17.9608001709
-76.614402771 20.5370998383 21.6240997314
-74.233001709 24.4880008698 20.5408000946
-74.209197998 28.4309997559 20.9239997864
-75.2565994263 31.5219993591 18.2868003845
-76.4434967041 17.2198009491 14.4638004303
-59.5321006775 -5.91981983185 36.8284988403
-73.4517974854 29.1361999512 16.5848999023
-71.9597015381 32.715801239 14.0101995468
-72.7325973511 36.370300293 11.9546003342
-74.4402999878 22.3239994049 9.90976047516
-72.5193023682 26.7411994934 13.3102998734
-75.6707992554 13.3690004349 9.91697978973
-69.2913970947 32.5246009827 9.64461994171
-69.1339035034 38.895198822 8.39536952972
-68.9775009155 42.1552009583 11.1750001907
-75.2637023926 8.00934028625 10.0534000397
-72.1755981445 15.417599678 4.81040000916
-72.6906967163 23.6345996857 6.05916976929
-61.6352996826 43.1925010681 4.31338977814
-64.5177993774 40.6647987366 3.29216003418
-70.6645965576 20.5550994873 2.90000009537
-69.4047012329 28.6151008606 4.58943986893
-66.4422988892 37.4519004822 4.96501016617
-69.4772033691 -2.89217996597 19.3824996948
-68.2929000854 -6.68944978714 28.2049007416
-64.7342987061 -14.1527004242 34.831401825
-70.6054000854 16.9344997406 0.746163010597
-66.2097015381 32.636100769 3.62256002426
-63.3263015747 -18.4850997925 35.9936981201
-67.0304031372 17.4123001099 -2.77999997139
-70.1296005249 11.4711999893 -0.46911200881
-64.1969985962 25.0210990906 -1.70404005051
-69.7818984985 -15.6265001297 28.7721996307
-62.9053001404 30.0587005615 -2.74365997314
-61.4706001282 39.0010986328 -0.888689994812
-59.9552001953 43.7545013428 -0.010001800023
-62.3237991333 17.2019004822 -4.6174697876
-68.173500061 -22.6945991516 29.3903007507
-58.7831993103 26.900100708 -4.82422018051
-58.2655982971 44.7551994324 3.55275011063
-73.2927017212 5.03697013855 7.85114002228
-59.376701355 46.202999115 -4.75715017319
-54.0196990967 45.3492012024 6.32179021835
-71.8699035645 -8.20351982117 20.5048999786
-71.8958969116 -13.6080999374 24.3393993378
-71.3029022217 -21.531999588 24.5974998474
-56.1384010315 47.4786987305 -1.94353997707
-69.3824996948 -0.880693018436 14.3494997025
-68.6760025024 -0.482757985592 8.847240448
-50.5418014526 46.168800354 16.9384002686
-71.7936019897 -6.96238994598 13.342300415
-73.1108016968 -12.2433996201 15.8717002869
-69.8812026978 -5.36579990387 8.51865005493
-44.3148994446 45.8442001343 22.6301994324
-71.6759033203 -12.3584003448 7.8527598381
-72.6061019897 -15.1112003326 16.1060009003
-73.0970001221 -20.2341003418 19.8043994904
-38.613899231 44.1155014038 25.3262996674
-71.5544967651 -17.2600002289 8.96300029755
-72.956703186 -20.0632991791 14.0562000275
-69.6392974854 -25.9757003784 20.8882007599
-67.7034988403 -27.6492004395 24.214099884
-35.273601532 41.2440986633 16.3572006226
-41.3265991211 45.5317001343 14.9618997574
-69.2739028931 -17.6240005493 3.62052989006
-37.7378005981 44.2125015259 15.9095001221
-33.0550994873 40.4538002014 13.4581003189
-69.0737991333 -14.3675003052 0.919834017754
-71.5278015137 -20.9284992218 6.38676977158
-67.3675003052 -10.1224002838 -2.07790994644
-44.4000015259 45.5877990723 10.9898996353
-40.7309989929 46.5385017395 10.9118995667
-36.3742980957 45.960899353 12.7342996597
-68.1269989014 -25.3826007843 -1.1806499958
-70.8550033569 -24.6634998322 6.07169008255
-70.045501709 -25.8843002319 13.9083995819
-45.0638008118 44.5749015808 5.23394012451
-69.6885986328 -30.3197002411 18.3379993439
-69.3331985474 -27.1401996613 8.40522003174
-29.6574993134 43.2901992798 10.7767000198
-28.8980998993 48.7392997742 9.02134990692
-31.5048007965 50.9458999634 8.92197036743
-43.0859985352 46.313999176 5.3590297699
-32.1771011353 34.8811988831 10.7110004425
-67.3454971313 -19.1739006042 -3.77599000931
-65.6184005737 -13.8872003555 -4.50403022766
-38.5149993896 50.7937011719 5.47784996033
-29.9881000519 57.0815010071 3.93279004097
-24.7148990631 58.3017997742 4.59254980087
-65.0346984863 -24.6401004791 -4.61150979996
-32.8680000305 55.9841003418 -0.414936006069
-59.9361000061 -15.6358995438 -11.4611997604
-64.2837982178 -30.173500061 -3.07252001762
-20.738899231 58.5735015869 3.56712007523
-14.7720003128 66.9835968018 -2.46799993515
-62.4393005371 -26.3791999817 -8.25034046173
-61.5287017822 -29.2698001862 -7.01751995087
-58.2770004272 -13.6499996185 -12.1140003204
-57.8567008972 -25.4794998169 -13.7010002136
-61.101398468 -7.86918020248 -7.66296005249
-26.4706993103 47.4163017273 6.59673976898
-24.4263000488 50.2004013062 4.75274991989
-25.1504993439 44.6856002808 8.44828033447
-14.005399704 64.5391998291 -2.44021010399
-32.4802017212 33.1166000366 6.36192989349
-61.9337997437 -36.7981987 -2.78256011009
-65.1075973511 -32.8838996887 1.11082994938
-27.0533008575 38.448600769 7.51208019257
-19.3610992432 65.8239974976 -3.64038991928
-28.5783996582 60.1007003784 -1.60581994057
-35.5407981873 51.699798584 -1.02841997147
-21.0937004089 40.5964012146 3.4845199585
-7.69611978531 73.6737976074 -9.27390956879
-19.3075008392 65.8665008545 -8.30268001556
-25.5076999664 61.1281013489 -6.72240018845
-5.69159984589 72.8780975342 -9.53057003021
-16.3547992706 48.9438018799 4.45901012421
-17.9836006165 46.2196006775 4.4617099762
-20.4664001465 50.8604011536 1.9520200491
-16.3563995361 57.7150001526 -3.27940011024
-9.70481967926 71.4689025879 -13.1745004654
-15.5055999756 65.0337982178 -12.9876003265
-26.8766002655 56.4622001648 -7.84965991974
-5.19736003876 68.7599029541 -12.4440002441
-5.2653799057 75.675201416 -13.4245996475
-15.1842002869 54.6879005432 -3.48779988289
-8.85445022583 50.0060005188 0.464394986629
-10.0692996979 60.449798584 -8.83180046082
-6.18121004105 48.5750999451 -0.933443009853
-17.0505008698 42.135799408 0.554045021534
-12.0059995651 52.5303993225 -2.53983998299
-27.5310001373 36.5152015686 1.19192004204
-2.29531002045 65.1904983521 -14.9264001846
-0.994494020939 71.1768035889 -16.9974994659
-1.22616994381 77.0728988647 -15.7522001266
-2.73692989349 76.5139007568 -18.5174999237
0.469671994448 61.7778015137 -15.3720998764
-0.152365997434 51.693901062 -5.55213022232
2.80870008469 54.6767997742 -10.8505001068
-15.163599968 43.1022987366 -1.38010001183
2.96125006676 59.0308990479 -14.8962001801
4.76207017899 64.5134963989 -19.9081993103
2.79219007492 72.2427978516 -21.3901996613
-4.12137985229 47.6278991699 -4.46810007095
-15.2725000381 43.6389007568 -4.86393022537
-1.32547998428 48.5703010559 -7.11621999741
3.20655989647 51.5483016968 -10.8058996201
5.35761976242 53.7135009766 -11.9963998795
1.65934002399 76.4447021484 -22.9158992767
5.32540988922 72.8918991089 -25.7092990875
3.48707008362 52.3088989258 -13.6225004196
7.76311016083 57.9240989685 -18.418800354
-1.02753996849 74.4916992188 -22.6086006165
-4.73128986359 49.4934997559 -10.710100174
7.15230989456 57.0275001526 -21.2991008759
8.57845020294 64.3984985352 -26.0820999146
3.17517995834 73.7590026855 -26.5916996002
-6.73258018494 69.7125015259 -18.4508991241
6.45718002319 69.2851028442 -28.6224002838
-34.1152992249 33.4273986816 2.46097993851
3.67376995087 68.6371002197 -27.3115997314
6.88281011581 62.7332000732 -26.994600296
0.532563984394 53.5386009216 -15.3943004608
-18.2940006256 44.3524017334 -7.37428998947
-1.3337700367 66.4963989258 -22.5867004395
-0.262345999479 62.4440994263 -21.8169002533
2.69260001183 57.6888999939 -20.2341003418
-9.20129966736 64.1416015625 -17.4932003021
-5.29433012009 51.9854011536 -13.4556999207
-4.98294019699 62.3410987854 -19.5293006897
-1.76138997078 57.2476997375 -18.0018997192
-17.2495002747 61.3970985413 -13.3414001465
-16.0286006927 57.9051017761 -14.3564996719
-9.55210018158 56.516998291 -15.9689998627
-13.1963996887 49.9608001709 -12.317700386
-18.258600235 54.6637992859 -13.3501996994
-27.0823993683 52.3857002258 -8.38658046722
-30.4023990631 38.3783988953 -2.09712004662
-19.797000885 50.0884017944 -11.4815998077
-31.0827007294 45.6407012939 -5.47242021561
-40.0303001404 44.6049003601 0.909985005856
-34.1399002075 42.8459014893 -3.04324007034
-36.4371986389 34.8176994324 0.607070028782
-33.3488998413 28.1438007355 4.40328979492
-39.7580986023 39.1484985352 -0.0485126003623
-45.015499115 41.7168006897 1.67952001095
-49.9817008972 44.4595985413 3.96653008461
-42.628200531 33.728099823 -0.973962008953
-43.7383003235 36.996799469 -0.848208010197
-53.3809013367 47.1179008484 -0.676503002644
-49.4379005432 44.2355995178 -1.10767996311
-46.1226997375 40.8703994751 -1.44426000118
-38.074798584 30.9598007202 -0.590538024902
-35.9089012146 23.2714996338 -2.22156000137
-36.2350006104 27.9598007202 0.731352984905
-40.2271995544 29.4235992432 -3.26207995415
-44.785900116 30.5007991791 -4.50159978867
-34.9496002197 18.0421009064 -2.7203400135
-41.2327003479 22.8705005646 -4.92570018768
-45.5471000671 36.5695991516 -5.10764980316
-46.5325012207 43.3250007629 -7.55613994598
-48.9334983826 31.1042003632 -6.15996980667
-43.8883018494 18.2474994659 -6.26779985428
-35.4171981812 16.5086994171 -3.79274010658
-46.4809989929 32.7104988098 -6.06166982651
-45.2016983032 43.3448982239 -12.950799942
-48.0587005615 18.1784000397 -7.26655006409
-45.6441001892 50.5896987915 -20.3911991119
-45.9444007874 39.1880989075 -16.7707996368
-51.2084007263 52.2374000549 -11.6944999695
-55.8818016052 53.8795013428 -13.1078996658
-27.1445007324 15.9104003906 -6.16017007828
-54.1393013 56.3134002686 -17.6207008362
-43.0615997314 11.2347002029 -7.24677991867
-59.0772018433 51.4966011047 -12.2868995667
-51.1553993225 59.0281982422 -26.9297008514
-55.6977005005 60.2696990967 -26.4850997925
-47.7984008789 52.875 -18.789100647
-58.3342018127 57.363899231 -22.6333007812
-48.5828018188 57.5161018372 -29.1944007874
-44.5918998718 48.6304016113 -23.0778007507
-44.4697990417 47.0331993103 -28.4293994904
-47.268901825 36.2433013916 -16.0443992615
-46.4956016541 57.0564002991 -38.9034004211
-50.109500885 61.1057014465 -38.5927009583
-49.4113006592 34.2002983093 -13.8222999573
-45.8406982422 41.4095001221 -27.3866004944
-45.2857017517 53.0376014709 -39.276599884
-53.7729988098 62.7647018433 -36.856300354
-61.0974998474 61.8277015686 -37.114200592
-45.9561004639 48.3218994141 -39.3791999817
-49.1395988464 38.3339004517 -29.4034004211
-57.1618003845 62.6800003052 -34.7878990173
-48.40599823 63.2452011108 -46.7537002563
-45.5581016541 57.2183990479 -45.4348983765
-48.0494995117 43.8302993774 -39.4706001282
-46.0214996338 50.5038986206 -45.5672988892
-57.8138999939 66.5850982666 -42.3437995911
-52.1674995422 65.2508010864 -44.6787986755
-52.5965995789 31.9200992584 -7.72778987885
-51.1463012695 40.0686988831 -38.748500824
-49.8497009277 41.9855995178 -43.6413993835
-47.4710006714 69.8916015625 -56.2770996094
-52.3762016296 71.2542037964 -52.986000061
-54.6744995117 39.3438987732 -39.9794006348
-49.5308990479 43.9970016479 -49.0237007141
-45.3669013977 60.3025016785 -50.4043006897
-45.140499115 54.5820999146 -51.854598999
-44.8194999695 67.672203064 -59.011100769
-51.1879997253 71.0589981079 -57.518901825
-56.6467018127 70.0189971924 -48.7270011902
-60.7075996399 68.4478988647 -48.2774009705
-46.5484008789 50.2177009583 -55.4929008484
-43.8769989014 59.2759017944 -59.1255989075
-57.5237007141 70.081199646 -52.6525001526
-62.5937995911 59.2462005615 -36.4323005676
-45.0508995056 53.927898407 -58.0970993042
-50.3014984131 50.0703010559 -55.7806015015
-48.9109992981 67.1051025391 -59.1125984192
-44.0746994019 62.7597999573 -60.7057991028
-46.6922988892 58.7719993591 -59.8856010437
-61.4734992981 66.3187026978 -48.3456001282
-52.8959007263 44.5936012268 -49.2924995422
-49.8286018372 59.4599990845 -56.5275993347
-52.0755004883 65.4101028442 -55.207901001
-56.2518997192 66.1975021362 -51.8866004944
-52.5525016785 52.4425010681 -49.2633018494
-61.8734016418 60.7745018005 -41.7808990479
-53.78099823 56.8832015991 -47.5825004578
-54.3091011047 61.5023994446 -49.8959999084
-56.8207015991 58.440700531 -42.7114982605
-54.3891983032 48.3834991455 -40.9567985535
-62.1053009033 55.5815010071 -33.3666000366
-61.6731987 51.601600647 -23.5109996796
-57.9520988464 53.0605010986 -33.7400016785
-54.9422988892 42.1952018738 -42.7369003296
-56.2230987549 50.8757019043 -35.4901008606
-60.568901062 49.9427986145 -24.08659935
-61.1327018738 48.4841003418 -15.4349002838
-54.9555015564 46.4073982239 -37.46849823
-57.675201416 44.6865005493 -19.2812004089
-60.5572013855 45.2130012512 -15.3763999939
-59.9632987976 42.7780990601 -6.59379005432
-57.5789985657 39.9313011169 -30.1898994446
-57.4271011353 43.2966995239 -24.279800415
-58.8893013 40.9971008301 -7.79235982895
-55.2605018616 36.6781005859 -21.9717006683
-59.3912010193 40.2892990112 -16.6480998993
-52.1341018677 36.970199585 -26.5471992493
-55.3428993225 34.3053016663 -13.7383003235
-59.1530990601 37.8274993896 -8.65968036652
-59.8518981934 35.6324005127 -3.25174999237
-56.6963996887 32.4916000366 -5.56895017624
-51.8008003235 29.1791992188 -6.52049016953
-54.0382995605 18.2604007721 -7.43372011185
-59.5912017822 17.5393009186 -6.43496990204
-52.8350982666 11.1227998734 -7.49594020844
-59.5746994019 9.57238960266 -5.73768997192
-66.2586975098 4.49794006348 0.0805120021105
-54.4706001282 5.31337022781 -6.23903989792
-49.6675987244 7.34839010239 -7.33500003815
-59.5980987549 3.42478990555 -3.4906001091
-64.8891983032 1.06454002857 1.57793998718
-57.0163993835 0.75785702467 -6.98381996155
-49.0518989563 3.54435992241 -9.94456958771
-67.0102005005 -0.503062009811 4.76604986191
-64.5680999756 -2.74697995186 -1.69003999233
-56.5871009827 -9.5976896286 -11.6607999802
-41.9939994812 6.80750989914 -11.4252996445
-53.3922996521 -13.6459999084 -14.4301996231
-50.8619995117 -7.31573009491 -13.6851997375
-31.908000946 12.8797998428 -9.27686977386
-49.4169006348 -11.4024000168 -14.8266000748
-48.0466003418 -3.2609899044 -13.0017004013
-45.8409996033 1.3026599884 -13.0954999924
-44.4272003174 -3.72270011902 -15.8085002899
-38.9641990662 1.19693005085 -15.8221998215
-34.7290992737 8.40308952332 -12.543800354
-22.6518993378 12.5813999176 -9.45036029816
-46.129901886 -7.6665802002 -16.849199295
-33.8129005432 -0.627058982849 -17.4645004272
-29.1802005768 7.81578016281 -13.611000061
-20.3453006744 15.1504001617 -4.68236017227
-29.0324001312 -1.59139001369 -17.3164997101
-28.1193008423 2.05741000175 -15.1218996048
-23.2287006378 6.60530996323 -13.154999733
-42.3678016663 -10.9737997055 -17.5739994049
-20.654800415 -0.272725999355 -17.8722000122
-43.4118995667 -14.6886997223 -17.4986000061
-18.2458992004 8.35667037964 -10.3493003845
-16.7782993317 3.35874009132 -15.7123003006
-47.3692016602 -15.8083000183 -17.1473999023
-13.893699646 13.7166004181 -0.247316002846
-15.516500473 11.7833995819 -5.7113199234
-48.529499054 -26.3052005768 -17.521900177
-51.5297012329 -15.3016004562 -14.7604999542
-7.68275976181 12.3077001572 -4.99736976624
-11.4127998352 6.99967002869 -12.2539997101
-53.2738990784 -26.6875 -15.7079000473
-6.06567001343 9.56188011169 -9.96485996246
-10.4385995865 1.34569001198 -16.2835006714
-56.7033996582 -35.5917015076 -8.39766979218
-57.6365013123 -37.7131996155 -6.09449005127
2.07972002029 11.9783000946 -6.33513021469
-5.8962597847 5.97537994385 -13.2336997986
-65.9665985107 -34.2407989502 3.60876011848
7.96932983398 10.8737001419 -11.1387996674
-64.9477996826 -36.7117996216 7.32728004456
-69.1871032715 -30.5135002136 10.4714002609
13.0005998611 7.36971998215 -13.8170003891
-0.693354010582 6.19055986404 -14.4476003647
-1.59405004978 3.11435008049 -17.0457992554
-65.9585037231 -33.7997016907 13.2545995712
-65.0805969238 -34.9343986511 18.872800827
-64.0066986084 -38.3151016235 17.6145000458
-61.3302001953 -38.5259017944 23.9876003265
-65.0136032104 -33.3426017761 24.9018993378
3.98622989655 2.45858001709 -16.7912006378
-7.78962993622 -2.0352499485 -20.1305007935
-2.98712992668 -2.34910988808 -20.7066993713
-66.6642990112 -29.3083000183 30.3829994202
-61.6055984497 -34.5093994141 30.592300415
1.55597996712 -5.49936008453 -21.1884994507
-56.7924995422 -36.0712013245 36.1577987671
-58.9072990417 -32.1505012512 36.4151992798
-62.7536010742 -27.7175998688 36.0415992737
2.4081299305 -10.4031000137 -22.1086006165
-54.2178993225 -30.290599823 41.3460998535
4.33408021927 -7.58116006851 -22.5846996307
6.58909988403 -3.56193995476 -21.0949993134
10.6593999863 0.656552016735 -20.7049007416
11.0668001175 4.2186999321 -16.3134002686
15.8884000778 -5.81440019608 -20.8834991455
15.182299614 2.02444005013 -18.1916007996
19.2861003876 -2.27493000031 -18.6681995392
20.4344005585 2.39697003365 -18.8292999268
19.8654003143 6.03960990906 -17.1748008728